sphinx3        
num 0	0	41014	9666522	534198	255065	43799	
num 0	1	    5	  908	  224	   98	   50	
num 0	2	   15	 3448	  186	  121	   85	
num 0	3	   38	 8698	  486	  354	  190	
num 0	4	   44	 9906	  615	  430	  313	
num 0	5	   22	 4887	  431	  184	  130	
num 0	6	  108	22091	 2173	 2025	 1359	
num 0	7	  298	60943	 6694	 4868	 3783	
num 0	8	68649	12941428	2004637	1412163	1215916	
num 0	9	    0	    0	    0	    0	    0	
num 0	10	    0	    0	    0	    0	    0	
num 0	11	    0	    0	    0	    0	    0	
num 0	12	    0	    0	    0	    0	    0	
num 0	13	   41	 4189	 2917	 1778	 1612	
num 0	14	  927	94555	63097	41251	38409	
num 0	15	48227	4769164	3313389	2245295	2018264	
num 0	16	1908287	183806689	132852264	92469134	79393385	
num 1	0	 3970	872330	80524	46500	16966	
num 1	1	   56	10723	 1952	 1123	  538	
num 1	2	   62	12506	 1697	 1162	  507	
num 1	3	  138	28953	 3078	 2199	 1098	
num 1	4	   82	15310	 2751	 1855	 1076	
num 1	5	  193	36024	 6583	 4164	 2637	
num 1	6	  607	113715	19746	13505	 8426	
num 1	7	18304	3334051	608756	430861	312156	
num 1	8	   33	 3626	 2617	 1463	  742	
num 1	9	    2	  268	  122	   79	   43	
num 1	10	    0	    0	    0	    0	    0	
num 1	11	    0	    0	    0	    0	    0	
num 1	12	   19	 1868	 1433	  898	  665	
num 1	13	 1667	170444	113727	75544	67037	
num 1	14	75634	7527976	5161326	3511567	3161435	
num 1	15	2408469	232833817	167000465	115624789	101108993	
num 2	0	 9166	1906588	231840	152227	55841	
num 2	1	  249	46875	 8541	 6003	 2325	
num 2	2	  412	77968	13700	 9838	 3966	
num 2	3	  376	67549	14272	 9866	 4569	
num 2	4	  622	113096	22803	15162	 8171	
num 2	5	 1363	249642	46911	32258	20117	
num 2	6	27294	4956444	903896	674935	451989	
num 2	7	   55	 8117	 2790	 2135	 1038	
num 2	8	  106	14295	 5946	 4954	 1941	
num 2	9	    7	 1000	  365	  281	  146	
num 2	10	   25	 2374	 2072	 1422	  532	
num 2	11	   74	 7158	 5634	 3665	 2487	
num 2	12	 2082	208661	145086	97121	82124	
num 2	13	61628	6146369	4205789	2867114	2557496	
num 2	14	1673363	162561323	115417189	79777627	70624789	
num 3	0	18275	3691744	490786	372261	123609	
num 3	1	  855	155686	32195	22160	 8839	
num 3	2	 1229	219486	46648	34350	14140	
num 3	3	 1781	316500	67889	48260	23287	
num 3	4	 2203	391458	81330	60197	30983	
num 3	5	12356	2194563	438264	333034	197275	
num 3	6	  439	62947	23017	18801	 7619	
num 3	7	  298	42351	15509	13036	 5392	
num 3	8	  115	15541	 6741	 4695	 2463	
num 3	9	   66	 7225	 4929	 3360	 1382	
num 3	10	  250	23100	20128	12950	 7822	
num 3	11	 1867	178666	140053	93856	65377	
num 3	12	39325	3901316	2715497	1859551	1590836	
num 3	13	825732	80620998	56662271	39291979	34812144	
num 4	0	22574	4456025	641839	514280	166800	
num 4	1	 1704	299426	68058	49952	18788	
num 4	2	 2320	403896	92127	68556	29341	
num 4	3	 4006	702571	152713	116600	53652	
num 4	4	19394	3327025	749717	616117	272005	
num 4	5	 1516	219168	79022	64607	25299	
num 4	6	 1381	187062	78410	62343	25721	
num 4	7	  712	90765	43885	33779	13843	
num 4	8	  915	88845	75102	45196	25097	
num 4	9	  503	47600	40821	26918	13429	
num 4	10	 2739	253449	215278	145968	86489	
num 4	11	22424	2159664	1618515	1137604	824761	
num 4	12	331913	32365778	22845421	16060576	13697953	
num 5	0	18073	3275098	655939	526393	169258	
num 5	1	 3054	524947	124724	95129	37024	
num 5	2	 4558	771786	187108	145525	62429	
num 5	3	19280	3218247	796713	658626	262094	
num 5	4	 2742	401002	140682	114430	45838	
num 5	5	 3584	507187	190393	158189	61735	
num 5	6	 2240	301430	126915	102651	42444	
num 5	7	 1597	186630	108012	78344	35846	
num 5	8	 7137	646885	599280	378106	202801	
num 5	9	 4649	426144	371576	256368	136056	
num 5	10	21933	2001153	1696457	1218536	698702	
num 5	11	134308	12785883	9542806	6958001	5096158	
num 6	0	36515	6655830	1278940	1080503	332567	
num 6	1	 4070	677832	172015	138208	53865	
num 6	2	13710	2253339	586777	484542	185102	
num 6	3	 4869	719843	245853	201408	79360	
num 6	4	 6325	900254	328460	281924	108562	
num 6	5	 5323	724492	294194	246580	97422	
num 6	6	 3827	479094	237775	182928	79915	
num 6	7	 7416	709676	597236	390924	200660	
num 6	8	50660	4449822	4228747	2809640	1480751	
num 6	9	28655	2572910	2261567	1658859	842344	
num 6	10	94586	8563183	7120222	5488986	3041625	
num 7	0	33989	5973796	1252986	1143804	330598	
num 7	1	 8827	1432187	386728	325423	115374	
num 7	2	 6470	973038	316698	265813	100771	
num 7	3	 8492	1221642	439058	368006	145246	
num 7	4	 9342	1287009	506910	431031	166602	
num 7	5	 6887	898133	399557	330313	135069	
num 7	6	 8282	849957	624352	433540	212343	
num 7	7	41177	3678477	3398114	2275655	1189066	
num 7	8	275784	23717203	22451740	16234908	8196853	
num 7	9	104368	9278036	8017782	6319653	3102737	
num 8	0	145335	24679227	5499384	5998399	1028750	
num 8	1	 6256	953039	300567	256102	91828	
num 8	2	 8939	1290657	461621	386424	149682	
num 8	3	10837	1509107	578345	493185	193635	
num 8	4	11033	1460460	631406	522436	210146	
num 8	5	 9969	1129388	680530	509582	232564	
num 8	6	35811	3273353	2888240	2016363	989660	
num 8	7	187609	16323331	15213962	10973795	5516816	
num 8	8	861923	73186525	67823974	53710237	25931552	
num 9	0	13422	2144825	578172	546765	166270	
num 9	1	 5905	872455	295388	250117	93720	
num 9	2	 8706	1238097	452313	388003	150323	
num 9	3	11759	1571276	661225	558690	219113	
num 9	4	11807	1366877	787408	610807	257500	
num 9	5	25313	2391216	1985435	1417473	686004	
num 9	6	136253	11909971	10968253	8116410	3886134	
num 9	7	465036	39810376	36643840	28791509	13803491	
num 10	0	10828	1651586	507832	466606	145944	
num 10	1	 4667	668662	240541	207165	78384	
num 10	2	 7982	1074694	443652	377075	147971	
num 10	3	11843	1367138	787627	619433	257610	
num 10	4	27285	2582647	2120323	1573672	708318	
num 10	5	82705	7324548	6565336	4951747	2330849	
num 10	6	320062	27531788	25023105	20180579	9200400	
num 11	0	 8392	1139704	470207	412685	125756	
num 11	1	 3624	490141	199676	171825	66102	
num 11	2	 7690	895546	504683	406261	162150	
num 11	3	24818	2337602	1922644	1468041	625121	
num 11	4	77612	6804282	6142328	4836416	2085646	
num 11	5	171996	14952239	13302805	10876275	4899657	
num 12	0	16355	1727882	1193465	1028904	236629	
num 12	1	 3777	426554	256067	204789	79502	
num 12	2	15874	1482583	1231107	958405	391649	
num 12	3	67006	5841781	5287739	4271998	1752018	
num 12	4	156502	13453226	12056478	10310669	4244139	
num 13	0	51530	4782669	4044821	3578005	786185	
num 13	1	 7977	740600	617953	493813	189746	
num 13	2	40993	3573307	3217391	2653776	1049734	
num 13	3	123005	10520311	9442199	8283156	3243614	
num 14	0	172525	15303352	13446984	12706221	2709843	
num 14	1	19751	1720683	1540135	1320834	474604	
num 14	2	69873	5981540	5334531	4760079	1811338	
num 15	0	438835	37986035	33263175	34165357	6927193	
num 15	1	31812	2718268	2415444	2230262	779898	
num 16	0	700522	59821728	51132840	57169055	11210009	

zeusmp         
num 0	0	8458062	2164884954	279511	98095	 1312	
num 0	1	   13	 3296	   17	    7	    8	
num 0	2	  264	66129	  660	  533	  262	
num 0	3	   11	 2816	    0	    0	    0	
num 0	4	  135	31881	 1273	  918	  488	
num 0	5	    1	  204	   22	   15	   15	
num 0	6	  116	24301	 2548	 1755	 1092	
num 0	7	    2	  512	    0	    0	    0	
num 0	8	326074	83420931	29856	16325	 7832	
num 0	9	   37	 9299	   82	   75	   16	
num 0	10	  103	20207	 2871	 2071	 1219	
num 0	11	    0	    0	    0	    0	    0	
num 0	12	  115	23590	 2678	 1948	 1224	
num 0	13	    0	    0	    0	    0	    0	
num 0	14	  576	136094	 5346	 3818	 2198	
num 0	15	  522	44214	42282	24474	22662	
num 0	16	777169	147924565	23239659	17911402	9879638	
num 1	0	49264	12292011	55333	250387	13853	
num 1	1	  258	62736	 1047	 1879	  386	
num 1	2	  116	28543	  328	  726	   99	
num 1	3	   40	 9498	  290	  308	  144	
num 1	4	   13	 2552	  363	  258	  155	
num 1	5	   18	 3489	  495	  386	  238	
num 1	6	   30	 5422	 1060	  726	  472	
num 1	7	33673	8448325	 1861	169480	  622	
num 1	8	64776	15153537	645725	699725	83669	
num 1	9	   48	 8353	 1827	 1297	  811	
num 1	10	   18	 2577	  982	  569	  480	
num 1	11	   27	 3385	 1647	 1034	  846	
num 1	12	    9	 1002	  612	  376	  314	
num 1	13	   55	 5495	 4025	 2739	 1821	
num 1	14	 1011	87520	80764	52427	38105	
num 1	15	135655	11832681	10539775	7683785	4671439	
num 2	0	106177	25460078	527105	1031363	162766	
num 2	1	  595	145385	  582	 6214	  139	
num 2	2	  726	169097	 5267	 9980	 1512	
num 2	3	   60	14033	  406	  782	  139	
num 2	4	  542	122556	 5789	 8519	 1888	
num 2	5	   15	 2890	  437	  312	  201	
num 2	6	 4006	970629	 7989	43844	 3074	
num 2	7	 8502	1954399	82413	123563	16137	
num 2	8	 8553	1835764	158769	169066	25969	
num 2	9	   43	 8289	 1262	 1055	  402	
num 2	10	  218	41053	 6435	 5494	 2826	
num 2	11	   10	 1151	  663	  421	  325	
num 2	12	 1471	327419	17690	25124	 6343	
num 2	13	  701	61403	55280	37145	25628	
num 2	14	111188	17081587	4975652	4225556	2181333	
num 3	0	98325	23464679	180933	1477094	48494	
num 3	1	  835	197977	 2045	12945	  793	
num 3	2	  505	119379	 1377	 8109	  415	
num 3	3	  195	40473	 3292	 5167	  988	
num 3	4	  392	93008	  859	 6127	  358	
num 3	5	 1695	405218	 1869	26165	  668	
num 3	6	   35	 6462	 1141	  871	  486	
num 3	7	  102	18496	 3401	 3072	 1143	
num 3	8	 2029	414112	46724	51697	 6891	
num 3	9	   49	 6802	 2676	 1890	 1176	
num 3	10	   34	 4148	 2064	 1589	  903	
num 3	11	  118	12223	 8134	 6205	 3646	
num 3	12	  795	69387	62802	42594	28737	
num 3	13	19846	1788903	1474710	1152481	664482	
num 4	0	113310	25466886	1019679	2206434	314361	
num 4	1	  123	27774	  777	 2738	  199	
num 4	2	  958	200727	12380	29324	 2817	
num 4	3	 1519	356989	  891	30680	  304	
num 4	4	 1773	401471	10651	37887	 3879	
num 4	5	   71	14898	 1080	 1912	  286	
num 4	6	  693	143456	12689	16399	 4864	
num 4	7	   65	11969	 1992	 2235	  444	
num 4	8	 1346	263739	35765	35137	 9935	
num 4	9	   47	 6466	 2510	 2196	  860	
num 4	10	 1404	279995	28035	41607	 9787	
num 4	11	  531	46464	41790	28682	19000	
num 4	12	33963	5133945	1453375	1515282	591926	
num 5	0	21762	4617606	323564	537627	92275	
num 5	1	  936	195869	10006	32283	 1458	
num 5	2	 1290	294513	 2226	32873	  628	
num 5	3	 6407	1458701	 9836	169347	 2308	
num 5	4	  359	75415	 4512	11013	  964	
num 5	5	   48	 8182	 1699	 1822	  585	
num 5	6	   57	 8900	 2380	 2326	  986	
num 5	7	  126	18641	 5936	 5795	 1884	
num 5	8	 1230	218490	42969	42473	10948	
num 5	9	  235	26379	15096	13157	 5528	
num 5	10	 1093	97113	84537	62682	35476	
num 5	11	 9910	998080	628716	653513	256651	
num 6	0	115028	23151884	2100569	3616980	577735	
num 6	1	 2354	523097	 4430	74480	  617	
num 6	2	 5902	1310015	14054	182551	 4292	
num 6	3	 2602	546262	25901	87578	 6371	
num 6	4	  375	63236	12911	15396	 4457	
num 6	5	  135	20662	 5493	 6974	 1431	
num 6	6	  465	76073	17419	19170	 6378	
num 6	7	  240	28721	14452	14375	 3892	
num 6	8	 6162	877171	303693	312411	84197	
num 6	9	 1717	155148	130167	104004	50233	
num 6	10	29293	4197059	1262785	1562288	476876	
num 7	0	182793	39751382	509937	6390535	143154	
num 7	1	 6418	1383982	18269	234794	 5963	
num 7	2	 4090	821651	42908	170450	12031	
num 7	3	 3422	627262	62994	166976	18800	
num 7	4	 1894	318829	50100	101822	14113	
num 7	5	 2597	414158	75920	152821	21933	
num 7	6	 2624	384100	99229	155886	32529	
num 7	7	 3788	478764	185648	248847	56469	
num 7	8	44508	4594186	2823798	3158333	817731	
num 7	9	102294	12937200	4146716	7773668	1329680	
num 8	0	2656627	570531023	2483093	106377179	705217	
num 8	1	10202	2055375	83634	448367	24336	
num 8	2	 8033	1485757	140288	388662	41741	
num 8	3	23851	4310614	381228	1319772	94242	
num 8	4	14921	2465405	371773	884947	97651	
num 8	5	13808	2120574	415541	886768	111965	
num 8	6	15685	2243266	575608	1038064	158422	
num 8	7	61612	8234680	2367629	4532862	637501	
num 8	8	1213507	155462930	47506780	95131668	12556414	
num 9	0	255289	50605812	2402852	11458416	886904	
num 9	1	 3210	601122	46765	158972	14901	
num 9	2	 2832	491810	61082	153774	18326	
num 9	3	 5672	932040	143881	333120	42991	
num 9	4	 3620	541068	123031	225318	37303	
num 9	5	 3717	502920	155112	245930	47590	
num 9	6	12556	1544547	587354	905478	176957	
num 9	7	106622	11791802	5609129	8380839	1513462	
num 10	0	88918	14560938	2852843	4529193	820034	
num 10	1	  244	39860	 7248	13619	 1737	
num 10	2	 1055	168795	30737	62785	 7763	
num 10	3	  451	59345	20961	30080	 5070	
num 10	4	 2917	426546	103841	191010	25355	
num 10	5	 1236	113478	90747	81920	30271	
num 10	6	48059	6418987	2153899	3027121	703097	
num 11	0	23721	3433422	1053863	1267508	317783	
num 11	1	  329	50525	10047	21278	 2374	
num 11	2	  304	39924	13653	20909	 3338	
num 11	3	 2415	323935	93341	177687	23277	
num 11	4	 2882	269269	200278	209893	58352	
num 11	5	 8365	887433	447636	677391	128980	
num 12	0	90228	12755484	3761567	5526957	1054360	
num 12	1	  125	15653	 6492	 8145	 1710	
num 12	2	 3795	538872	118500	292295	21853	
num 12	3	 2193	205395	150434	167664	37915	
num 12	4	23522	2708436	1161703	1824969	326524	
num 13	0	41489	4374141	2817162	2656747	773134	
num 13	1	 2192	302466	68626	178293	11767	
num 13	2	 3983	440260	209941	316745	52702	
num 13	3	14907	1608931	767288	1237805	202168	
num 14	0	355161	43438938	16901416	26072291	4508571	
num 14	1	 1828	202711	97785	144105	23367	
num 14	2	23785	2777763	1032844	2016951	261402	
num 15	0	453424	38589781	34760966	32800511	9925286	
num 15	1	10544	1212207	445467	943411	98179	
num 16	0	4629922	536727645	202813081	389121159	56598147	

GemsFDTD       
num 0	0	16220925	4150211225	1207286	811628	326661	
num 0	1	    0	    0	    0	    0	    0	
num 0	2	  707	165737	 7072	 4188	 3995	
num 0	3	    3	  651	   53	   37	   27	
num 0	4	  606	129220	11987	 6965	 6964	
num 0	5	    2	  382	   60	   27	   43	
num 0	6	  549	105391	16289	 9583	 9281	
num 0	7	    5	  870	  174	  123	  113	
num 0	8	 1124	151079	65376	37846	33443	
num 0	9	    2	  288	  108	   61	   55	
num 0	10	  517	76927	25663	15224	14538	
num 0	11	   11	 1415	  679	  408	  314	
num 0	12	 1858	238617	109497	65787	61747	
num 0	13	  214	22873	14857	 8935	 8119	
num 0	14	38317	4128055	2605077	1623552	1452468	
num 0	15	102836	9262459	7836927	4800796	4425834	
num 0	16	19938509	1784837250	1509257100	947566287	862597667	
num 1	0	 7885	1849223	93889	59628	15820	
num 1	1	   61	14314	  575	  367	  360	
num 1	2	   58	12337	 1294	  799	  418	
num 1	3	  117	24877	 2302	 1372	 1401	
num 1	4	   51	 9806	 1599	  985	  666	
num 1	5	  145	27797	 4288	 2589	 2446	
num 1	6	   49	 8386	 1995	 1213	  950	
num 1	7	  218	35067	 9696	 5627	 5418	
num 1	8	   79	10342	 4782	 2693	 2407	
num 1	9	  198	29234	 9911	 5966	 5577	
num 1	10	   83	10540	 5193	 2941	 2574	
num 1	11	 1023	131363	59941	36681	33903	
num 1	12	 1865	201769	129879	80550	65242	
num 1	13	22004	2338360	1513262	939633	841769	
num 1	14	175445	15656275	13565467	8372207	7319971	
num 1	15	10996397	978635253	834826837	523252669	478362873	
num 2	0	159800	37289201	1587457	1688932	343210	
num 2	1	    7	 1497	  144	  106	   45	
num 2	2	 1408	299109	27449	22332	11558	
num 2	3	   10	 1921	  325	  193	  121	
num 2	4	 1251	238671	37235	26810	17540	
num 2	5	   13	 2218	  520	  311	  279	
num 2	6	 1170	198070	46528	31864	23058	
num 2	7	   25	 3430	 1437	  832	  701	
num 2	8	 1124	164449	56754	37681	28860	
num 2	9	   35	 4362	 2162	 1315	 1121	
num 2	10	 2204	277484	132161	87012	67567	
num 2	11	 1382	149275	96038	60133	48346	
num 2	12	53479	5688470	3646835	2433742	1921577	
num 2	13	116948	10418767	9043322	5610842	4865757	
num 2	14	6097610	537107737	465159543	298552444	260168436	
num 3	0	19334	4121822	411651	360789	55242	
num 3	1	  124	26368	 2464	 1853	 1059	
num 3	2	  125	23879	 3952	 2958	 1211	
num 3	3	  240	45911	 7003	 5251	 3275	
num 3	4	  117	19893	 4848	 3353	 1858	
num 3	5	  291	49370	11534	 7814	 5778	
num 3	6	  124	18455	 6392	 4254	 2643	
num 3	7	  321	46923	16220	10817	 8216	
num 3	8	  324	38728	20990	13675	 9551	
num 3	9	  843	105679	50928	33584	25617	
num 3	10	 1670	175561	118706	77502	55751	
num 3	11	28194	2970287	1940160	1294679	1012538	
num 3	12	127703	11303374	9925126	6463437	5000031	
num 3	13	2290858	200962485	175012178	113411380	97073605	
num 4	0	148498	31397650	2903571	3080245	634022	
num 4	1	   17	 3181	  585	  453	  133	
num 4	2	 1568	298022	46205	40455	16726	
num 4	3	   25	 4264	 1033	  710	  393	
num 4	4	 1443	243801	56599	45348	23660	
num 4	5	   31	 4640	 1536	 1099	  661	
num 4	6	 1289	189798	63455	48259	28472	
num 4	7	  118	14283	 7533	 4905	 3487	
num 4	8	 2988	368099	181518	132794	82517	
num 4	9	  867	90230	61829	41098	28795	
num 4	10	22102	2284808	1543299	1082886	747119	
num 4	11	71110	6294203	5517827	3639726	2752404	
num 4	12	1680221	146023533	128336336	88844868	66931839	
num 5	0	17161	3278416	529597	481953	103250	
num 5	1	  120	22697	 3638	 3050	 1335	
num 5	2	  227	38594	 9224	 7284	 3010	
num 5	3	  233	39194	 9203	 7567	 3684	
num 5	4	  181	26882	 9130	 7281	 3043	
num 5	5	  318	46757	15734	11911	 7006	
num 5	6	  498	62520	30630	23045	11293	
num 5	7	  998	122471	61083	44275	27659	
num 5	8	 2006	199883	147577	100370	65706	
num 5	9	 8737	886894	619822	433831	296125	
num 5	10	60859	5308140	4760376	3294734	2216654	
num 5	11	676865	58768495	51633652	36264042	26611251	
num 6	0	146203	27645029	4286688	4550183	946068	
num 6	1	   36	 5701	 1788	 1298	  429	
num 6	2	 1659	277694	65644	59432	21934	
num 6	3	   44	 6245	 2398	 1816	  805	
num 6	4	 1537	222979	76733	64623	29137	
num 6	5	  173	20353	11434	 8361	 4140	
num 6	6	 3738	461452	224006	184805	86665	
num 6	7	  886	87173	66170	45209	28264	
num 6	8	17307	1699589	1252101	927458	551444	
num 6	9	27064	2357191	2116890	1473740	980563	
num 6	10	522498	44568282	40151305	29792638	19247263	
num 7	0	23975	3997149	1005277	942988	192186	
num 7	1	  187	28006	 9659	 7388	 2819	
num 7	2	  368	48905	22279	16709	 6315	
num 7	3	  396	51055	23929	18697	 7695	
num 7	4	 1076	129896	68980	53848	22732	
num 7	5	 1038	122099	66311	51920	25398	
num 7	6	 2192	220783	159906	124917	55546	
num 7	7	 5741	553521	423174	310339	182662	
num 7	8	59259	5149610	4627197	3246848	2146649	
num 7	9	179078	15272167	13760145	10214982	6596674	
num 8	0	227450	31912000	12913684	11010849	2390667	
num 8	1	 1406	136569	119279	75391	28697	
num 8	2	 3216	396765	206787	158303	61441	
num 8	3	 1508	146377	121623	79236	38812	
num 8	4	 6730	784099	431373	360559	146849	
num 8	5	 2035	188592	161659	108914	61795	
num 8	6	16395	1611834	1175635	980373	429278	
num 8	7	21277	1836432	1670564	1189043	750873	
num 8	8	476907	41060542	36494917	26823309	17709424	
num 9	0	30800	4366434	1660383	1531708	326275	
num 9	1	  274	33995	17517	13679	 4953	
num 9	2	 1440	173707	91485	79196	24252	
num 9	3	 1036	121354	66338	55710	21814	
num 9	4	 3242	327094	233855	199323	69680	
num 9	5	 4099	398780	297187	246888	106489	
num 9	6	29478	2464499	2339676	1903166	839027	
num 9	7	102770	8698410	7922475	6029016	3659219	
num 10	0	145627	20728335	7297308	7634994	1619875	
num 10	1	  224	26450	14710	12554	 3630	
num 10	2	 6380	775167	380155	375164	102794	
num 10	3	  874	87712	63613	54225	18194	
num 10	4	18962	1870429	1331858	1247931	404054	
num 10	5	 7983	666804	634284	517804	224756	
num 10	6	205823	16894241	15883840	13902072	6010535	
num 11	0	93409	11433186	5801873	5215924	1461721	
num 11	1	  602	71464	37240	35686	 9722	
num 11	2	 4544	457926	323670	301914	79754	
num 11	3	 3727	361417	268185	242772	81738	
num 11	4	33444	2775174	2635031	2336768	814691	
num 11	5	41574	3407131	3214511	2815142	1206160	
num 12	0	388903	46801627	23405098	23179861	6172582	
num 12	1	  610	60157	44505	42060	 9438	
num 12	2	22981	2248271	1605933	1619809	409123	
num 12	3	 6638	550257	525069	460916	163086	
num 12	4	199751	16279437	15289655	14413372	5153792	
num 13	0	318093	31868838	22906764	20433162	6223044	
num 13	1	 2223	213721	159474	154748	41145	
num 13	2	38108	3148195	2979685	2808309	819459	
num 13	3	29530	2404260	2266311	2136016	753093	
num 14	0	1336671	130103057	94134544	91698289	26251886	
num 14	1	 3969	329102	311338	291924	83700	
num 14	2	198514	16108708	15065506	15110736	4534634	
num 15	0	2118702	175894476	165261918	153154718	48076600	
num 15	1	14890	1210643	1132131	1132812	336254	
num 16	0	10172945	824629206	769611425	788155080	221878209	

gobmk          
num 0	0	20988	5120706	147772	82863	21587	
num 0	1	  895	211145	 9207	 5701	 3067	
num 0	2	  471	108048	 5897	 4211	 2420	
num 0	3	  192	42462	 3103	 2296	 1291	
num 0	4	  914	189108	22163	14482	 8231	
num 0	5	   63	12963	 1547	  975	  643	
num 0	6	  663	115510	27008	15766	11444	
num 0	7	  673	127016	20857	13345	11070	
num 0	8	 1227	214792	45943	28253	25124	
num 0	9	  935	156805	37979	24145	20431	
num 0	10	   45	 7220	 1972	 1234	 1094	
num 0	11	    0	    0	    0	    0	    0	
num 0	12	    0	    0	    0	    0	    0	
num 0	13	    0	    0	    0	    0	    0	
num 0	14	    0	    0	    0	    0	    0	
num 0	15	    0	    0	    0	    0	    0	
num 0	16	    3	  244	  250	  134	  140	
num 1	0	26634	6226858	300663	240061	50722	
num 1	1	 5480	1254160	69718	56683	22319	
num 1	2	 2534	560068	40795	32486	15355	
num 1	3	 1487	312784	32113	23571	12204	
num 1	4	 1944	395499	48127	36174	17864	
num 1	5	  364	67738	12247	 7940	 5259	
num 1	6	 1364	237410	53185	34724	23865	
num 1	7	 1348	237838	49189	32321	25740	
num 1	8	 1784	296960	73247	47628	38869	
num 1	9	  662	105528	28888	19813	15243	
num 1	10	   21	 3191	  960	  679	  546	
num 1	11	    1	  201	   25	   17	   13	
num 1	12	    0	    0	    0	    0	    0	
num 1	13	    1	  141	   51	   43	   21	
num 1	14	    3	  290	  229	  179	   70	
num 1	15	   15	 1565	 1021	  825	  429	
num 2	0	52212	11893580	677612	677402	117678	
num 2	1	13285	2937553	210382	187403	65622	
num 2	2	 7650	1624722	153962	123708	56008	
num 2	3	 3309	672436	80962	63725	29981	
num 2	4	 2452	485529	65015	52791	24377	
num 2	5	  786	143720	26744	18947	11805	
num 2	6	 3582	617792	134961	99678	64561	
num 2	7	 1327	221615	53360	36486	28251	
num 2	8	  953	150762	42089	29224	21893	
num 2	9	  172	26029	 8018	 5832	 4153	
num 2	10	    0	    0	    0	    0	    0	
num 2	11	    3	  347	  188	  170	   63	
num 2	12	    0	    0	    0	    0	    0	
num 2	13	    4	  398	  289	  203	  134	
num 2	14	   21	 2270	 1364	 1175	  567	
num 3	0	62019	13674315	963818	1068105	170626	
num 3	1	22056	4682222	436077	392065	135972	
num 3	2	12251	2495273	293221	245981	101781	
num 3	3	 4369	847318	124786	102098	44262	
num 3	4	 4016	756250	118968	107438	45440	
num 3	5	 1605	278501	60059	46557	25763	
num 3	6	 4112	679644	164613	132137	76278	
num 3	7	  698	110200	30754	22163	15571	
num 3	8	  192	28500	 9284	 6696	 4672	
num 3	9	    8	  902	  534	  391	  221	
num 3	10	    6	  655	  398	  323	  160	
num 3	11	    3	  304	  212	  177	   75	
num 3	12	    4	  442	  249	  216	  117	
num 3	13	   20	 2054	 1368	 1203	  495	
num 4	0	62215	13129318	1229371	1314690	253661	
num 4	1	27159	5517401	649919	580881	204503	
num 4	2	13889	2676504	402433	341398	135249	
num 4	3	 6342	1156966	213332	182149	71105	
num 4	4	 4678	819055	169547	150614	58352	
num 4	5	 2123	346919	88210	73288	35071	
num 4	6	 1880	291811	84160	69380	35929	
num 4	7	  288	41060	14823	11358	 6487	
num 4	8	   62	 7522	 3805	 3113	 1432	
num 4	9	   36	 3907	 2432	 1903	  974	
num 4	10	   19	 1928	 1311	 1144	  481	
num 4	11	   11	 1129	  749	  613	  325	
num 4	12	   23	 2417	 1583	 1376	  512	
num 5	0	46220	9299710	1121898	1183076	227636	
num 5	1	26981	5168570	791847	700319	246400	
num 5	2	16625	3002457	570974	500409	182160	
num 5	3	11033	1883057	427163	379436	134792	
num 5	4	 5611	909599	238490	209777	78550	
num 5	5	 2360	357396	111447	96525	38792	
num 5	6	  818	116345	42087	34885	16091	
num 5	7	  211	26113	12759	 9973	 5171	
num 5	8	  128	14240	 8504	 6688	 3336	
num 5	9	  115	12182	 7784	 6407	 3067	
num 5	10	   59	 6120	 3932	 3591	 1461	
num 5	11	   37	 3747	 2569	 2146	 1010	
num 6	0	44101	8320136	1336665	1325361	307694	
num 6	1	29782	5348740	1028609	938897	307946	
num 6	2	22728	3861496	882386	809928	264558	
num 6	3	15047	2409678	651181	590825	200348	
num 6	4	 6879	1040163	324433	291934	104494	
num 6	5	 1892	266106	99068	84277	34901	
num 6	6	  615	76575	36748	30424	13693	
num 6	7	  369	42234	23853	19126	 9251	
num 6	8	  301	32345	20120	17126	 7465	
num 6	9	  246	25048	16686	14693	 6549	
num 6	10	  126	12434	 8747	 7543	 3532	
num 7	0	46686	8355297	1569016	1769263	258040	
num 7	1	32010	5438222	1225724	1196296	334318	
num 7	2	26611	4274794	1130045	1083741	323836	
num 7	3	17482	2632398	824310	766478	252206	
num 7	4	 4373	614099	226979	202621	75789	
num 7	5	 1538	194443	90006	76120	33159	
num 7	6	  884	103300	55073	47214	20717	
num 7	7	  575	62045	38173	32796	14186	
num 7	8	  517	53564	34706	30899	13183	
num 7	9	  363	35922	24913	22616	 9477	
num 8	0	50089	8517208	1842062	2194223	269291	
num 8	1	30676	4938861	1278820	1303919	331456	
num 8	2	23575	3567798	1090103	1069676	307623	
num 8	3	 8894	1244217	461498	423926	147223	
num 8	4	 3079	387879	180060	157783	62502	
num 8	5	 2125	250024	131691	114736	47549	
num 8	6	 1076	118824	69296	61852	25484	
num 8	7	  775	81048	51777	45783	19792	
num 8	8	  723	71984	49220	45069	18815	
num 9	0	42016	6777187	1672762	2085695	220452	
num 9	1	19752	3009305	894746	918461	234000	
num 9	2	10170	1439170	514031	498088	152231	
num 9	3	 6459	808464	379489	343386	122165	
num 9	4	 4562	544051	276325	251990	95506	
num 9	5	 1854	203995	119693	108291	42645	
num 9	6	  939	100156	60284	57915	22029	
num 9	7	  713	72329	47427	45100	17672	
num 10	0	18733	2840798	823466	1011325	120059	
num 10	1	 7099	1007871	354066	358559	96848	
num 10	2	 4682	600286	264907	250823	82576	
num 10	3	 7680	919184	460620	435466	150810	
num 10	4	 3359	370767	215120	201671	72346	
num 10	5	  906	98110	56753	57435	19638	
num 10	6	  830	85348	52964	55532	18636	
num 11	0	 5526	773712	273747	315919	51278	
num 11	1	 3450	437430	196663	193539	55568	
num 11	2	 5649	685401	330506	324907	105330	
num 11	3	 4110	454545	260358	253640	83617	
num 11	4	 1120	124515	66496	74796	20913	
num 11	5	  661	69816	40928	44449	14023	
num 12	0	 4041	509123	226890	247508	50975	
num 12	1	 4726	570502	275153	286489	77712	
num 12	2	 2353	268588	142173	148548	43059	
num 12	3	 1177	133090	68209	80263	19750	
num 12	4	  875	93625	51790	63717	14868	
num 13	0	 6098	738378	342840	397291	82579	
num 13	1	 2503	282847	150427	166307	41187	
num 13	2	 1073	124123	60015	73696	16854	
num 13	3	  874	96023	50615	62645	14461	
num 14	0	 3421	389260	197543	244580	44393	
num 14	1	  864	100478	45852	64714	10140	
num 14	2	  850	96056	46509	62710	12325	
num 15	0	 1290	153162	61976	108471	 6631	
num 15	1	  650	73076	34954	50848	 7522	
num 16	0	  981	112152	47845	86567	 4572	

bzip2          
num 0	0	74732	17426182	964255	565556	175399	
num 0	1	  268	60213	 4163	 3222	 1010	
num 0	2	   16	 3191	  428	  374	  103	
num 0	3	    3	  586	   85	   73	   24	
num 0	4	    1	  170	   45	   26	   15	
num 0	5	    0	    0	    0	    0	    0	
num 0	6	    0	    0	    0	    0	    0	
num 0	7	    1	  150	   51	   34	   21	
num 0	8	    1	  138	   61	   37	   20	
num 0	9	    0	    0	    0	    0	    0	
num 0	10	    0	    0	    0	    0	    0	
num 0	11	    2	  169	  173	  124	   46	
num 0	12	    6	  629	  433	  287	  187	
num 0	13	   50	 5832	 3206	 2389	 1373	
num 0	14	  376	42506	24746	17533	11471	
num 0	15	 3283	351433	225490	154349	109176	
num 0	16	111930	11105953	8239896	5318247	3989984	
num 1	0	24804	5538335	421712	304754	85023	
num 1	1	  640	136879	13052	10626	 3283	
num 1	2	   89	17622	 2515	 2014	  633	
num 1	3	   15	 2748	  550	  378	  164	
num 1	4	    7	 1099	  309	  278	  106	
num 1	5	    4	  721	  142	  116	   45	
num 1	6	    2	  305	   95	   76	   36	
num 1	7	    0	    0	    0	    0	    0	
num 1	8	    1	  137	   54	   49	   16	
num 1	9	   10	 1282	  601	  422	  255	
num 1	10	   22	 2554	 1421	 1099	  558	
num 1	11	   91	10824	 5678	 4283	 2511	
num 1	12	  435	51747	27250	20100	12263	
num 1	13	 2086	241446	133014	99132	60424	
num 1	14	12470	1376831	828130	593065	394294	
num 1	15	155719	15806816	11111410	7475627	5470211	
num 2	0	15007	3194057	325426	255978	66331	
num 2	1	 1245	252995	30903	26876	 7946	
num 2	2	  264	50097	 8293	 6772	 2422	
num 2	3	   64	11193	 2412	 2038	  741	
num 2	4	   35	 5384	 1726	 1304	  546	
num 2	5	   29	 4280	 1567	 1081	  496	
num 2	6	   16	 2201	  911	  676	  308	
num 2	7	   18	 2438	  976	  798	  396	
num 2	8	   38	 4848	 2276	 1738	  866	
num 2	9	  129	15751	 8076	 5990	 3207	
num 2	10	  344	42239	21142	15602	 9081	
num 2	11	 1398	167346	86681	65040	38821	
num 2	12	 5923	690221	374339	280760	170968	
num 2	13	26682	3006209	1732806	1275181	816396	
num 2	14	196506	20427723	13668749	9504476	6704588	
num 3	0	11622	2313234	331977	263851	66170	
num 3	1	 1865	355064	57884	50105	14387	
num 3	2	  572	101338	21233	17930	 5931	
num 3	3	  229	37156	10222	 8236	 3010	
num 3	4	  126	19071	 6273	 4886	 2026	
num 3	5	   78	11087	 4177	 3254	 1450	
num 3	6	   90	12094	 5132	 3947	 1867	
num 3	7	  148	18865	 8941	 6693	 3389	
num 3	8	  325	40587	19601	14923	 8089	
num 3	9	  908	111411	54868	42359	23810	
num 3	10	 3085	369369	191200	145062	84129	
num 3	11	11497	1349537	719938	549455	324302	
num 3	12	43020	4886010	2769932	2068805	1288373	
num 3	13	215246	22781210	14694201	10485873	7141692	
num 4	0	11037	2045073	389841	312492	78066	
num 4	1	 2574	464645	91443	79528	23328	
num 4	2	 1011	168999	42642	35008	12167	
num 4	3	  525	81646	24848	20287	 7619	
num 4	4	  349	50150	18551	14472	 6171	
num 4	5	  346	46746	19582	15272	 6976	
num 4	6	  365	47729	21066	16545	 8100	
num 4	7	  762	94488	46594	35583	18407	
num 4	8	 1747	214769	106392	81510	44561	
num 4	9	 5235	631315	321582	247548	139715	
num 4	10	16749	1982641	1038017	802425	464661	
num 4	11	56077	6443858	3556425	2716783	1638646	
num 4	12	208899	22445761	14037441	10260905	6734037	
num 5	0	11475	1974799	477166	391007	94628	
num 5	1	 3220	548244	129057	114622	32397	
num 5	2	 1644	262041	74288	63259	21276	
num 5	3	 1116	163608	57540	47203	17345	
num 5	4	  901	123500	50214	40440	16502	
num 5	5	 1023	133457	59664	47569	21198	
num 5	6	 1373	173088	82005	64778	31617	
num 5	7	 2780	345006	166939	131212	68523	
num 5	8	 7578	924296	459324	357646	198702	
num 5	9	21256	2529766	1308753	1022214	580803	
num 5	10	60562	7019348	3802524	2951668	1730332	
num 5	11	181174	19749614	11985833	8974630	5670467	
num 6	0	12771	2058396	594183	498224	118573	
num 6	1	 3988	641031	176900	157608	45389	
num 6	2	 2546	383210	124791	107608	36167	
num 6	3	 1968	276146	106079	88695	32888	
num 6	4	 1874	249040	106111	88908	35685	
num 6	5	 2430	308028	143994	118174	51884	
num 6	6	 4211	520775	254189	202997	100055	
num 6	7	 8938	1090146	540298	431529	226155	
num 6	8	22683	2709251	1390895	1101229	605473	
num 6	9	57215	6681875	3555949	2805604	1603612	
num 6	10	141206	15578711	9214239	7057349	4298437	
num 7	0	16034	2458332	793798	686206	166368	
num 7	1	 4879	741812	233818	214485	58909	
num 7	2	 3591	514867	185983	163588	54858	
num 7	3	 3304	446353	183434	158137	57900	
num 7	4	 3740	482754	216230	183281	75175	
num 7	5	 5523	689460	328202	272848	123378	
num 7	6	10223	1253096	613105	501394	249493	
num 7	7	21595	2599639	1307543	1059130	562008	
num 7	8	47351	5551058	2927704	2343476	1299618	
num 7	9	101217	11253716	6538959	5117263	3001614	
num 8	0	21111	3126902	1072925	962390	242199	
num 8	1	 6130	886137	311341	292811	78991	
num 8	2	 4877	670835	261999	239182	76496	
num 8	3	 5166	674066	293524	260897	94009	
num 8	4	 6621	831586	388273	339726	135391	
num 8	5	10249	1260778	608947	519734	234285	
num 8	6	18903	2287097	1132009	949800	470262	
num 8	7	36517	4311437	2233672	1830924	972319	
num 8	8	68365	7658510	4362538	3511972	1968420	
num 9	0	29666	4272912	1533297	1406732	381555	
num 9	1	 7604	1057850	397742	389451	101581	
num 9	2	 6589	873155	363939	342182	107508	
num 9	3	 7539	960842	432077	396821	140244	
num 9	4	10532	1303849	615791	555303	221249	
num 9	5	16384	1983312	974597	853449	382946	
num 9	6	26997	3191456	1636989	1393282	689505	
num 9	7	45545	5100340	2889960	2407422	1261798	
num 10	0	43239	6078739	2257138	2124304	609003	
num 10	1	10354	1395314	552416	557114	145780	
num 10	2	 8795	1141593	484578	482383	142966	
num 10	3	10080	1264007	573525	553572	189376	
num 10	4	13841	1684272	808523	757382	293119	
num 10	5	19450	2299333	1166966	1050191	462710	
num 10	6	31164	3460654	1974181	1724483	818666	
num 11	0	63567	8745900	3336101	3222143	969008	
num 11	1	13815	1820072	738214	775531	202823	
num 11	2	11082	1409559	609064	636799	181570	
num 11	3	12365	1519585	702866	711857	231132	
num 11	4	15460	1828928	913743	881187	333902	
num 11	5	23179	2539215	1466804	1365536	562269	
num 12	0	87507	11755226	4629885	4614057	1402624	
num 12	1	17117	2203188	919278	1005039	254447	
num 12	2	12871	1599503	710619	773173	211681	
num 12	3	13312	1580611	771121	802703	253437	
num 12	4	19476	2108129	1229890	1216630	431207	
num 13	0	109749	14431990	5830297	6015437	1818020	
num 13	1	20142	2532047	1084646	1239005	300654	
num 13	2	13807	1651766	781043	868497	233286	
num 13	3	18024	1937990	1125492	1191214	359448	
num 14	0	127814	16303194	6876785	7420202	2120203	
num 14	1	21277	2554585	1186553	1378383	327391	
num 14	2	20313	2164015	1256840	1420724	358549	
num 15	0	140399	16962187	7885416	8776958	2317583	
num 15	1	34045	3598563	2097745	2458586	560626	
num 16	0	207687	22298054	12726489	14877356	3265973	

mcf            
num 0	0	  217	47175	 4402	 2516	 1459	
num 0	1	12361	2777197	182030	113708	91481	
num 0	2	410313	92593199	5480147	3767562	3199220	
num 0	3	12025337	2714026371	153804452	113443484	97211965	
num 0	4	90651819	20409259549	1156124693	890371127	751110295	
num 0	5	 2073	431087	47457	32076	20068	
num 0	6	  466	97070	 9944	 7035	 5247	
num 0	7	  141	28146	 3463	 2604	 1883	
num 0	8	   19	 3814	  457	  354	  239	
num 0	9	    0	    0	    0	    0	    0	
num 0	10	    0	    0	    0	    0	    0	
num 0	11	    0	    0	    0	    0	    0	
num 0	12	    0	    0	    0	    0	    0	
num 0	13	    0	    0	    0	    0	    0	
num 0	14	    0	    0	    0	    0	    0	
num 0	15	    0	    0	    0	    0	    0	
num 0	16	    0	    0	    0	    0	    0	
num 1	0	 6623	1436433	130553	81411	47091	
num 1	1	304351	67863445	4585489	3115211	2349711	
num 1	2	8928606	2006459443	118884778	88051792	72327123	
num 1	3	109805366	24686602878	1410336814	1102558831	910675173	
num 1	4	1441813	294048004	33506912	26089476	15459736	
num 1	5	19635	4087682	429217	314769	194892	
num 1	6	 8272	1697093	181405	147761	91373	
num 1	7	  243	46865	 6511	 5303	 3529	
num 1	8	    0	    0	    0	    0	    0	
num 1	9	    0	    0	    0	    0	    0	
num 1	10	    0	    0	    0	    0	    0	
num 1	11	    0	    0	    0	    0	    0	
num 1	12	    0	    0	    0	    0	    0	
num 1	13	    0	    0	    0	    0	    0	
num 1	14	    0	    0	    0	    0	    0	
num 1	15	    0	    0	    0	    0	    0	
num 2	0	85771	18444509	1708452	1153882	650533	
num 2	1	2976154	659426815	45071629	33229800	24167180	
num 2	2	46626383	10425130980	627241249	494569697	389412122	
num 2	3	4698780	949471001	113355867	92381434	47679378	
num 2	4	2140388	425840281	53135393	44472609	24491045	
num 2	5	32414	6455392	798340	664622	379630	
num 2	6	 2461	469447	69569	57431	33569	
num 2	7	    6	 1066	  208	  178	   84	
num 2	8	    0	    0	    0	    0	    0	
num 2	9	    0	    0	    0	    0	    0	
num 2	10	    0	    0	    0	    0	    0	
num 2	11	    0	    0	    0	    0	    0	
num 2	12	    0	    0	    0	    0	    0	
num 2	13	    0	    0	    0	    0	    0	
num 2	14	    0	    0	    0	    0	    0	
num 3	0	566768	120515823	11527064	8513798	4535923	
num 3	1	11091440	2429664826	176417568	139406375	93919871	
num 3	2	7206710	1448662615	178887163	148867412	68500570	
num 3	3	5691689	1126733889	144323807	125070927	60943761	
num 3	4	1158606	226850471	29199123	26790611	13762931	
num 3	5	17674	3320611	519174	455720	229039	
num 3	6	  461	84751	14176	12572	 6517	
num 3	7	    0	    0	    0	    0	    0	
num 3	8	    0	    0	    0	    0	    0	
num 3	9	    0	    0	    0	    0	    0	
num 3	10	    0	    0	    0	    0	    0	
num 3	11	    0	    0	    0	    0	    0	
num 3	12	    0	    0	    0	    0	    0	
num 3	13	    0	    0	    0	    0	    0	
num 4	0	1903597	394765731	42459415	34084243	16011443	
num 4	1	6193351	1220269279	166338345	141061561	57828671	
num 4	2	7858886	1542999721	206184040	183123649	79567406	
num 4	3	3328380	643803445	88648168	82018926	37594741	
num 4	4	176193	33438949	4945972	4605389	2115098	
num 4	5	 6852	1253226	209633	201610	89643	
num 4	6	    0	    0	    0	    0	    0	
num 4	7	    0	    0	    0	    0	    0	
num 4	8	    0	    0	    0	    0	    0	
num 4	9	    0	    0	    0	    0	    0	
num 4	10	    0	    0	    0	    0	    0	
num 4	11	    0	    0	    0	    0	    0	
num 4	12	    0	    0	    0	    0	    0	
num 5	0	2826174	545430920	81487784	71408432	25173408	
num 5	1	7780794	1493069025	220509457	200460187	77844595	
num 5	2	5117444	974274126	143821185	136769382	55200971	
num 5	3	1172935	219962758	33276047	33341515	13691040	
num 5	4	32954	5939901	1058473	1017926	419924	
num 5	5	  315	57572	 9296	 9836	 3936	
num 5	6	    0	    0	    0	    0	    0	
num 5	7	    1	  120	   64	   37	   35	
num 5	8	    0	    0	    0	    0	    0	
num 5	9	    0	    0	    0	    0	    0	
num 5	10	    0	    0	    0	    0	    0	
num 5	11	    0	    0	    0	    0	    0	
num 6	0	3957699	747538767	117290961	110791938	37549278	
num 6	1	6137712	1147548869	181009003	177312078	65384322	
num 6	2	2140995	397285709	62459677	64052471	24296863	
num 6	3	90906	16290690	2954111	2922149	1104986	
num 6	4	 3135	547714	104471	110670	39705	
num 6	5	    0	    0	    0	    0	    0	
num 6	6	    0	    0	    0	    0	    0	
num 6	7	    0	    0	    0	    0	    0	
num 6	8	    0	    0	    0	    0	    0	
num 6	9	    0	    0	    0	    0	    0	
num 6	10	    0	    0	    0	    0	    0	
num 7	0	3507625	647425593	106719192	108235083	35572132	
num 7	1	2951196	538502147	89935926	93691456	33376647	
num 7	2	144438	25900263	4680888	4712310	1682667	
num 7	3	10492	1806169	364742	385155	129886	
num 7	4	    5	  652	  262	  253	  113	
num 7	5	    1	  127	   52	   42	   35	
num 7	6	    0	    0	    0	    0	    0	
num 7	7	    2	  244	  105	  113	   50	
num 7	8	    0	    0	    0	    0	    0	
num 7	9	    0	    0	    0	    0	    0	
num 8	0	2161408	389275368	67715418	73139206	23190456	
num 8	1	670776	118744969	21328474	23796178	7849035	
num 8	2	16999	2939913	591566	612365	207900	
num 8	3	    7	  908	  407	  330	  147	
num 8	4	    6	  771	  341	  287	  137	
num 8	5	    3	  359	  187	  151	   71	
num 8	6	    2	  210	  125	  150	   27	
num 8	7	    0	    0	    0	    0	    0	
num 8	8	    1	  111	   42	   89	   14	
num 9	0	754597	132846583	24112351	27806199	8411699	
num 9	1	12846	2240164	441261	458261	148890	
num 9	2	   12	 1534	  725	  623	  190	
num 9	3	   34	 4224	 2012	 1866	  602	
num 9	4	    6	  719	  363	  335	  119	
num 9	5	    2	  224	  126	  112	   50	
num 9	6	    1	  123	   62	   48	   23	
num 9	7	   10	  820	  798	  654	  288	
num 10	0	 3867	680608	128754	139312	41278	
num 10	1	    3	  371	  182	  184	   31	
num 10	2	   27	 3405	 1652	 1381	  474	
num 10	3	   22	 2657	 1320	 1113	  542	
num 10	4	   25	 2892	 1447	 1613	  448	
num 10	5	    3	  329	  171	  240	   28	
num 10	6	   34	 2923	 2495	 2131	 1155	
num 11	0	    2	  233	  132	  132	   15	
num 11	1	    8	 1018	  470	  399	  161	
num 11	2	   22	 2640	 1311	 1275	  406	
num 11	3	   35	 4189	 2027	 2004	  740	
num 11	4	   32	 3622	 1833	 2186	  551	
num 11	5	   16	 1374	 1174	  990	  558	
num 12	0	    2	  254	  118	  101	   39	
num 12	1	    5	  603	  310	  261	  106	
num 12	2	   20	 2447	 1080	 1271	  322	
num 12	3	   34	 3908	 1970	 2244	  582	
num 12	4	  542	44042	41694	36189	16827	
num 13	0	    0	    0	    0	    0	    0	
num 13	1	   11	 1261	  691	  644	  220	
num 13	2	   22	 2568	 1297	 1332	  435	
num 13	3	  301	24384	23113	20231	 9328	
num 14	0	    1	  113	   71	   42	   30	
num 14	1	   11	 1257	  649	  688	  222	
num 14	2	   59	 4878	 4482	 3678	 2066	
num 15	0	    1	   95	   58	   93	   10	
num 15	1	    3	  266	  216	  173	  113	
num 16	0	    0	    0	    0	    0	    0	

lbm            
num 0	0	    0	    0	    0	    0	    0	
num 0	1	    0	    0	    0	    0	    0	
num 0	2	    0	    0	    0	    0	    0	
num 0	3	    0	    0	    0	    0	    0	
num 0	4	    0	    0	    0	    0	    0	
num 0	5	    0	    0	    0	    0	    0	
num 0	6	    0	    0	    0	    0	    0	
num 0	7	    0	    0	    0	    0	    0	
num 0	8	    0	    0	    0	    0	    0	
num 0	9	    0	    0	    0	    0	    0	
num 0	10	    0	    0	    0	    0	    0	
num 0	11	    1	  158	   44	   23	   31	
num 0	12	  189	31808	 7479	 4668	 4429	
num 0	13	273943	56374945	6239521	4053807	3461135	
num 0	14	8150498	1197683334	390426004	249174212	249243938	
num 0	15	145802	18605161	8325530	5110730	5283891	
num 0	16	43097961	5528111318	2409203463	1559176308	1536586927	
num 1	0	    0	    0	    0	    0	    0	
num 1	1	    0	    0	    0	    0	    0	
num 1	2	    0	    0	    0	    0	    0	
num 1	3	    0	    0	    0	    0	    0	
num 1	4	    0	    0	    0	    0	    0	
num 1	5	    0	    0	    0	    0	    0	
num 1	6	    0	    0	    0	    0	    0	
num 1	7	    0	    0	    0	    0	    0	
num 1	8	    0	    0	    0	    0	    0	
num 1	9	    0	    0	    0	    0	    0	
num 1	10	    0	    0	    0	    0	    0	
num 1	11	   78	11809	 3719	 2255	 2185	
num 1	12	38003	6423067	1497422	951730	856549	
num 1	13	5208910	760474876	252312494	164682138	156011452	
num 1	14	1298402	152646660	80909377	50639498	48195377	
num 1	15	16161804	2048553355	913995121	585246728	589626620	
num 2	0	    0	    0	    0	    0	    0	
num 2	1	    0	    0	    0	    0	    0	
num 2	2	    0	    0	    0	    0	    0	
num 2	3	    0	    0	    0	    0	    0	
num 2	4	    0	    0	    0	    0	    0	
num 2	5	    0	    0	    0	    0	    0	
num 2	6	    0	    0	    0	    0	    0	
num 2	7	    0	    0	    0	    0	    0	
num 2	8	    0	    0	    0	    0	    0	
num 2	9	    0	    0	    0	    0	    0	
num 2	10	    4	  647	  167	  122	   88	
num 2	11	 4534	680676	217256	136106	126666	
num 2	12	1087625	157747323	53222461	34768736	32693480	
num 2	13	930341	109169121	57834733	37382880	33780562	
num 2	14	57275070	6653136888	3472367327	2399119425	2137794280	
num 3	0	    0	    0	    0	    0	    0	
num 3	1	    0	    0	    0	    0	    0	
num 3	2	    0	    0	    0	    0	    0	
num 3	3	    0	    0	    0	    0	    0	
num 3	4	    0	    0	    0	    0	    0	
num 3	5	    0	    0	    0	    0	    0	
num 3	6	    0	    0	    0	    0	    0	
num 3	7	    0	    0	    0	    0	    0	
num 3	8	    0	    0	    0	    0	    0	
num 3	9	    2	  281	  102	   67	   62	
num 3	10	  513	74399	25636	16310	14983	
num 3	11	133589	19084770	6689484	4365576	4058954	
num 3	12	644878	72095627	41905505	28175431	22912205	
num 3	13	27042174	3192841972	1616913235	1126390068	986651269	
num 4	0	    0	    0	    0	    0	    0	
num 4	1	    0	    0	    0	    0	    0	
num 4	2	    0	    0	    0	    0	    0	
num 4	3	    0	    0	    0	    0	    0	
num 4	4	    0	    0	    0	    0	    0	
num 4	5	    0	    0	    0	    0	    0	
num 4	6	    0	    0	    0	    0	    0	
num 4	7	    0	    0	    0	    0	    0	
num 4	8	    0	    0	    0	    0	    0	
num 4	9	   51	 6472	 3222	 1817	 1545	
num 4	10	11447	1596069	593875	388278	352210	
num 4	11	289540	31998746	18994897	13222376	9906221	
num 4	12	11770266	1308120528	741921159	534773488	428372921	
num 5	0	    0	    0	    0	    0	    0	
num 5	1	    0	    0	    0	    0	    0	
num 5	2	    0	    0	    0	    0	    0	
num 5	3	    0	    0	    0	    0	    0	
num 5	4	    0	    0	    0	    0	    0	
num 5	5	    0	    0	    0	    0	    0	
num 5	6	    0	    0	    0	    0	    0	
num 5	7	    0	    0	    0	    0	    0	
num 5	8	    4	  518	  276	  144	   86	
num 5	9	  864	112926	49232	31527	27499	
num 5	10	55219	6154355	3605312	2526052	1850345	
num 5	11	4472548	489517483	285754612	213422468	156277725	
num 6	0	    0	    0	    0	    0	    0	
num 6	1	    0	    0	    0	    0	    0	
num 6	2	    0	    0	    0	    0	    0	
num 6	3	    0	    0	    0	    0	    0	
num 6	4	    0	    0	    0	    0	    0	
num 6	5	    0	    0	    0	    0	    0	
num 6	6	    0	    0	    0	    0	    0	
num 6	7	    0	    0	    0	    0	    0	
num 6	8	   51	 6114	 3274	 2025	 1643	
num 6	9	 5490	605271	360713	253768	185688	
num 6	10	867378	100674935	53287332	40188647	27897854	
num 7	0	    0	    0	    0	    0	    0	
num 7	1	    0	    0	    0	    0	    0	
num 7	2	    0	    0	    0	    0	    0	
num 7	3	    0	    0	    0	    0	    0	
num 7	4	    0	    0	    0	    0	    0	
num 7	5	    0	    0	    0	    0	    0	
num 7	6	   11	 1158	  883	  607	  168	
num 7	7	    5	  603	  316	  204	  157	
num 7	8	  369	39825	24550	17296	12793	
num 7	9	72728	8134057	4594350	3452830	2437131	
num 8	0	    0	    0	    0	    0	    0	
num 8	1	    0	    0	    0	    0	    0	
num 8	2	    0	    0	    0	    0	    0	
num 8	3	    0	    0	    0	    0	    0	
num 8	4	    0	    0	    0	    0	    0	
num 8	5	    4	  430	  316	  222	   56	
num 8	6	    6	  650	  396	  323	  167	
num 8	7	   47	 4814	 3327	 2240	 1651	
num 8	8	 4140	448136	267460	200805	143439	
num 9	0	    0	    0	    0	    0	    0	
num 9	1	    0	    0	    0	    0	    0	
num 9	2	    0	    0	    0	    0	    0	
num 9	3	    0	    0	    0	    0	    0	
num 9	4	    0	    0	    0	    0	    0	
num 9	5	    0	    0	    0	    0	    0	
num 9	6	    4	  405	  269	  233	  117	
num 9	7	  385	39540	26057	19196	13767	
num 10	0	    0	    0	    0	    0	    0	
num 10	1	    0	    0	    0	    0	    0	
num 10	2	    1	  111	   80	   43	   22	
num 10	3	    0	    0	    0	    0	    0	
num 10	4	    0	    0	    0	    0	    0	
num 10	5	    1	   86	   83	   52	   35	
num 10	6	   78	 7483	 5353	 4906	 2226	
num 11	0	    0	    0	    0	    0	    0	
num 11	1	    0	    0	    0	    0	    0	
num 11	2	    2	  194	  171	  134	   13	
num 11	3	    0	    0	    0	    0	    0	
num 11	4	    0	    0	    0	    0	    0	
num 11	5	   16	 1540	 1106	 1103	  347	
num 12	0	    0	    0	    0	    0	    0	
num 12	1	    1	   95	   83	   72	    6	
num 12	2	    2	  222	  136	   79	   75	
num 12	3	    3	  251	  214	  262	   41	
num 12	4	    1	   77	   82	   86	   11	
num 13	0	    0	    0	    0	    0	    0	
num 13	1	    8	  772	  616	  414	  246	
num 13	2	    2	  191	  145	  146	   30	
num 13	3	    4	  370	  284	  283	   87	
num 14	0	    6	  633	  433	  401	   69	
num 14	1	    2	  202	  134	  155	   21	
num 14	2	   13	 1233	  882	  953	  260	
num 15	0	    0	    0	    0	    0	    0	
num 15	1	   14	 1371	  883	 1152	  178	
num 16	0	    0	    0	    0	    0	    0	

leslie3d       
num 0	0	2061506	525170666	1589448	984062	 1360	
num 0	1	    0	    0	    0	    0	    0	
num 0	2	    0	    0	    0	    0	    0	
num 0	3	    0	    0	    0	    0	    0	
num 0	4	    3	  644	   54	   33	   37	
num 0	5	    0	    0	    0	    0	    0	
num 0	6	    1	  192	   27	   22	   15	
num 0	7	    0	    0	    0	    0	    0	
num 0	8	30506	7798128	 5314	 3070	 3024	
num 0	9	   18	 2230	 1119	  628	  631	
num 0	10	   29	 3831	 1586	 1082	  925	
num 0	11	   70	 9244	 3961	 2443	 2272	
num 0	12	 2010	271981	109454	70126	62999	
num 0	13	  277	29950	18897	11716	10349	
num 0	14	 5532	588113	378019	238907	211153	
num 0	15	85422	8429731	6133276	3922129	3382896	
num 0	16	8412596	851533193	586633349	388317857	327140177	
num 1	0	  906	208437	11329	 9763	 2407	
num 1	1	    0	    0	    0	    0	    0	
num 1	2	    0	    0	    0	    0	    0	
num 1	3	    1	  215	   21	    9	   11	
num 1	4	    0	    0	    0	    0	    0	
num 1	5	    0	    0	    0	    0	    0	
num 1	6	    0	    0	    0	    0	    0	
num 1	7	   26	 3385	 1494	  850	  927	
num 1	8	  246	31783	14092	 8443	 8658	
num 1	9	  223	28051	13146	 8100	 7791	
num 1	10	  411	51895	24465	14988	13868	
num 1	11	 2395	319155	133445	82857	77663	
num 1	12	 1402	152349	94479	58900	53184	
num 1	13	11509	1203744	796681	500939	444940	
num 1	14	155633	15377321	11157963	7158147	6148617	
num 1	15	6466035	629223618	463195766	305060403	257825173	
num 2	0	 2519	584905	26356	26211	 7392	
num 2	1	    0	    0	    0	    0	    0	
num 2	2	    4	  835	   82	   69	   38	
num 2	3	    0	    0	    0	    0	    0	
num 2	4	    0	    0	    0	    0	    0	
num 2	5	    0	    0	    0	    0	    0	
num 2	6	   10	 1288	  599	  364	  309	
num 2	7	  106	13375	 6155	 3839	 3767	
num 2	8	  784	98375	46395	28410	27524	
num 2	9	 1062	131899	63974	38606	37393	
num 2	10	 3616	463319	210276	135391	116710	
num 2	11	 3219	351248	216113	134830	121873	
num 2	12	19273	2001526	1343111	853268	735983	
num 2	13	165844	16454143	11827945	7609136	6564840	
num 2	14	4086178	395348398	293262583	194480211	162970376	
num 3	0	 2802	600310	56694	46569	13739	
num 3	1	    1	  211	   22	   21	    2	
num 3	2	    2	  388	   55	   50	   19	
num 3	3	    0	    0	    0	    0	    0	
num 3	4	    0	    0	    0	    0	    0	
num 3	5	    7	 1033	  386	  232	  141	
num 3	6	   69	 8668	 4280	 2799	 1917	
num 3	7	  367	45501	22463	13724	12264	
num 3	8	 1975	243174	118745	73039	70642	
num 3	9	 3918	485772	234814	146165	136257	
num 3	10	 5666	630083	371987	237702	210724	
num 3	11	25462	2648658	1768230	1134056	967328	
num 3	12	178734	17769321	12728369	8368821	6889393	
num 3	13	2179986	210152081	156544624	104078697	87301014	
num 4	0	20805	4409731	393459	407905	114985	
num 4	1	    1	  183	   31	   28	   14	
num 4	2	    2	  365	   68	   53	   26	
num 4	3	    0	    0	    0	    0	    0	
num 4	4	    9	 1204	  555	  360	  185	
num 4	5	   24	 2969	 1593	  929	  653	
num 4	6	  331	41814	20328	13473	 9121	
num 4	7	 1065	130598	64555	41035	36452	
num 4	8	 4221	515943	255423	160050	149160	
num 4	9	 7745	865112	506103	324526	286979	
num 4	10	28562	2991226	1967842	1290323	1062481	
num 4	11	148132	14763219	10503289	7003783	5651501	
num 4	12	1526409	146979324	109004017	75740783	59036580	
num 5	0	 6160	1184920	182070	162006	47964	
num 5	1	    8	 1482	  241	  235	   90	
num 5	2	   15	 2505	  620	  527	  188	
num 5	3	   11	 1399	  746	  482	  189	
num 5	4	   60	 7611	 3943	 2590	 1216	
num 5	5	  164	21017	10059	 7034	 3874	
num 5	6	  849	102685	53686	37409	23564	
num 5	7	 2199	261922	138921	86877	75224	
num 5	8	 7914	881377	518846	337424	288337	
num 5	9	25485	2670121	1755596	1154121	944322	
num 5	10	117623	11697875	8330745	5687047	4395821	
num 5	11	847811	81173862	60634076	42600816	32630862	
num 6	0	42017	7974314	1203866	1231999	346173	
num 6	1	   11	 1609	  607	  408	  192	
num 6	2	   57	 9533	 2269	 2105	  685	
num 6	3	   62	 7842	 4015	 2706	 1309	
num 6	4	  219	27769	13751	10140	 4404	
num 6	5	  529	62061	35236	24273	13854	
num 6	6	 2884	343818	181835	136979	75672	
num 6	7	 4337	472693	292928	194072	150579	
num 6	8	25555	2627287	1781020	1175638	958135	
num 6	9	78058	7767190	5516555	3785578	2913525	
num 6	10	521477	49446361	37392079	26985967	19673705	
num 7	0	 6461	823389	457532	267957	105138	
num 7	1	   27	 3668	 1585	 1370	  289	
num 7	2	  247	27767	17994	12046	 5425	
num 7	3	  642	67189	49049	32160	15954	
num 7	4	  734	86252	49620	35297	16735	
num 7	5	 1957	211569	137818	96095	55510	
num 7	6	 6005	621218	426596	301834	187632	
num 7	7	13753	1392063	976534	652301	499870	
num 7	8	131628	12832213	9382094	6281438	5201023	
num 7	9	274402	25908043	19691415	14191674	10455780	
num 8	0	260865	27770415	20133074	14583200	4294751	
num 8	1	  211	22024	16384	11504	 4104	
num 8	2	 3421	354373	262278	178219	80906	
num 8	3	 6688	668995	516490	346076	180567	
num 8	4	 2300	270019	146046	123263	49472	
num 8	5	 8257	805183	623763	420798	264048	
num 8	6	26509	2683911	1867333	1361239	873821	
num 8	7	55143	5332428	3966890	2666957	2150333	
num 8	8	642236	61663758	45521802	31156951	26069905	
num 9	0	58047	6965471	4094160	2815872	984529	
num 9	1	  365	38546	27801	19152	 7941	
num 9	2	 1631	190045	108342	85178	33971	
num 9	3	 1014	109260	72738	53519	24067	
num 9	4	 2904	281756	221419	158034	82215	
num 9	5	10041	985038	730558	532962	321938	
num 9	6	39306	3696695	2863408	2217884	1284349	
num 9	7	176295	16523766	12772270	8679797	7155687	
num 10	0	123378	15396806	7885901	6323098	1978963	
num 10	1	  313	36675	20633	16844	 5976	
num 10	2	 3310	423307	182789	180078	61186	
num 10	3	 1449	140118	111321	81601	37904	
num 10	4	 7012	666326	524078	412062	192606	
num 10	5	15168	1414156	1109874	876843	482135	
num 10	6	137670	12599025	9900606	8163957	4579932	
num 11	0	181537	21127181	12212708	10210089	2923494	
num 11	1	  498	60444	30175	27933	 8936	
num 11	2	  654	64109	49576	37895	15844	
num 11	3	 3342	314032	251901	197932	91687	
num 11	4	17358	1594003	1275260	1117473	456912	
num 11	5	44670	4062900	3228721	2612447	1531452	
num 12	0	418318	48698639	26851819	24294316	7244634	
num 12	1	  265	25750	19871	17420	 4799	
num 12	2	 1725	162825	128524	104687	45564	
num 12	3	 6459	593944	474186	411122	174252	
num 12	4	54480	4880346	3914594	3626221	1525719	
num 13	0	481955	47944057	35426685	31447616	8562122	
num 13	1	  769	73242	56529	47464	19629	
num 13	2	 3490	320705	254602	222325	95808	
num 13	3	15490	1384615	1118541	985772	476512	
num 14	0	1251644	121551504	89853013	86735736	22280611	
num 14	1	 1457	133501	105903	94734	38854	
num 14	2	10346	927977	737581	681637	301381	
num 15	0	3003187	275741206	216554578	219681131	56838957	
num 15	1	 4199	377498	298459	274142	124845	
num 16	0	8180708	731099727	581390606	600499027	181271888	

omnetpp        
num 0	0	22739	5560955	153568	77016	29645	
num 0	1	26321	6353722	196148	121096	67210	
num 0	2	54410	12708120	566398	385439	269003	
num 0	3	67681	15393497	888092	593155	451592	
num 0	4	44940	10042333	653521	448423	360363	
num 0	5	101229	22050030	1701168	1128567	1034859	
num 0	6	39106	8630720	638690	382520	359206	
num 0	7	13409	2860084	249780	178382	144458	
num 0	8	24056	4726703	595950	445850	389833	
num 0	9	 2053	452467	32898	20851	19352	
num 0	10	 1918	434578	25165	16276	14989	
num 0	11	  984	236794	 7220	 4229	 3661	
num 0	12	  192	47848	  713	  341	  250	
num 0	13	    0	    0	    0	    0	    0	
num 0	14	    0	    0	    0	    0	    0	
num 0	15	    0	    0	    0	    0	    0	
num 0	16	   12	 1258	  878	  617	  319	
num 1	0	120710	28496867	1280727	878418	245748	
num 1	1	197990	44739748	3047936	2033878	863878	
num 1	2	278259	60772746	5138335	3445374	1877849	
num 1	3	255980	53597140	5734433	3838092	2361215	
num 1	4	272388	56149516	6248992	4294185	3038635	
num 1	5	139699	27434362	3866769	2592753	1869060	
num 1	6	71514	13967079	1992095	1345367	1003043	
num 1	7	62510	11451386	1971200	1470985	1108989	
num 1	8	 5500	1079289	147971	100661	80079	
num 1	9	 3136	660111	64246	43681	34778	
num 1	10	  348	67909	 9411	 6328	 5440	
num 1	11	  817	200769	 3983	 2527	 1873	
num 1	12	    0	    0	    0	    0	    0	
num 1	13	    0	    0	    0	    0	    0	
num 1	14	    0	    0	    0	    0	    0	
num 1	15	   32	 4177	 1782	 1440	  793	
num 2	0	424612	95842286	6657112	4758675	1442599	
num 2	1	748673	161703336	15078056	10584534	4294362	
num 2	2	905056	187221474	21802304	15158996	7511562	
num 2	3	830320	164985868	22885155	15709618	8981279	
num 2	4	634119	120107289	20169664	13670133	8387378	
num 2	5	298991	54970639	10052972	7042932	4475153	
num 2	6	171101	30341953	6031077	4442357	2986469	
num 2	7	24388	4131017	951900	714080	446331	
num 2	8	 8473	1494338	302281	221161	151308	
num 2	9	  549	100560	18250	12639	 9095	
num 2	10	   30	 5766	  837	  644	  433	
num 2	11	    8	  829	  559	  388	  272	
num 2	12	    1	   96	   77	   60	   23	
num 2	13	    0	    0	    0	    0	    0	
num 2	14	   60	 7182	 3520	 2948	 1710	
num 3	0	974442	210876634	19448267	14624878	4507373	
num 3	1	1749735	359938279	43755895	31729124	12508862	
num 3	2	2121028	417295567	61444850	43625285	20617466	
num 3	3	1655051	311063535	54134159	38354537	20140825	
num 3	4	1129134	202886617	40926203	29037002	16208482	
num 3	5	600309	104189991	22624653	16969417	9895043	
num 3	6	91734	14840769	4002822	2977664	1662649	
num 3	7	26744	4195482	1211627	924900	514455	
num 3	8	 7092	1014223	383333	251396	166600	
num 3	9	  177	25764	 9224	 6459	 3865	
num 3	10	   13	 1467	  851	  678	  332	
num 3	11	   12	 1126	  929	  708	  309	
num 3	12	   38	 3438	 2916	 2295	 1079	
num 3	13	   44	 4837	 2870	 2245	 1312	
num 4	0	1644162	338808683	40997605	31284295	9814889	
num 4	1	2927702	574156091	86439954	63834147	25061520	
num 4	2	3362352	628665192	112752561	82200502	37143857	
num 4	3	2304527	411955128	84888479	62505971	30609334	
num 4	4	1441195	246081927	57470407	43102230	22291356	
num 4	5	410056	65230885	18651032	13863150	7229269	
num 4	6	115920	17619651	5541163	4293936	2220770	
num 4	7	25478	3717720	1284949	999364	520335	
num 4	8	 4657	625595	270029	184777	111791	
num 4	9	  161	19501	10198	 7966	 3551	
num 4	10	  111	10887	 8168	 6347	 3014	
num 4	11	  221	20302	16836	13324	 6114	
num 4	12	  114	 9775	 9016	 7153	 3240	
num 5	0	2158022	423741290	63794096	49031101	15887145	
num 5	1	3595775	671718193	121513619	91897391	35389197	
num 5	2	3720789	663160396	139069517	104946729	45345342	
num 5	3	2428100	411885890	99055616	75623879	35028215	
num 5	4	1018608	162025716	46498376	35346341	16893215	
num 5	5	367286	55399972	17923325	13880484	6821435	
num 5	6	100656	14291582	5301905	4110681	2063768	
num 5	7	14043	1917719	776182	596929	304178	
num 5	8	 2584	316754	159217	125083	60450	
num 5	9	  289	28799	21027	16482	 7676	
num 5	10	  619	59463	44509	38162	16330	
num 5	11	  462	40886	34926	29885	12575	
num 6	0	2197033	410267984	74768039	58408561	18995864	
num 6	1	3405077	605393351	128944689	99780947	37580725	
num 6	2	3305784	558524914	137066914	106451264	44237612	
num 6	3	1746864	277795540	80309372	61708155	27384117	
num 6	4	853139	128159675	42199826	32903178	15140905	
num 6	5	250656	35455684	13327150	10390824	4994278	
num 6	6	60425	7909949	3487426	2755398	1316027	
num 6	7	10502	1298172	639906	513718	236716	
num 6	8	 1582	172557	106101	87601	38733	
num 6	9	 1208	118449	85177	74781	30841	
num 6	10	 1558	144156	113730	99159	41803	
num 7	0	1749511	311050174	66645776	52921280	17257586	
num 7	1	2629945	443308360	110454088	87208520	32294952	
num 7	2	2205228	351349270	101377672	79391334	32420092	
num 7	3	1198220	179862462	59584944	47007196	20289718	
num 7	4	555348	78081935	29834410	23729099	10523644	
num 7	5	158196	20446801	9303447	7368027	3379901	
num 7	6	39514	4704239	2485046	2032735	893564	
num 7	7	 5923	657013	394072	325401	139802	
num 7	8	 3529	357680	241027	217580	87137	
num 7	9	 2393	226938	169717	155008	60945	
num 8	0	1112062	187388704	46826494	38041006	12431668	
num 8	1	1544856	246169620	71181361	57119971	21012184	
num 8	2	1337540	200750258	66844619	53554926	21260437	
num 8	3	697005	97552480	37950623	30228285	12701892	
num 8	4	312432	40482212	18370462	14807220	6322698	
num 8	5	87621	10499435	5492123	4516961	1922457	
num 8	6	21950	2420074	1461910	1220795	516421	
num 8	7	 8737	899340	596509	533688	207135	
num 8	8	 5782	565379	396271	376338	142204	
num 9	0	611757	97436394	28192275	23346605	7634518	
num 9	1	869475	130050723	43765342	35743324	13026211	
num 9	2	730281	101719277	40282079	32403467	12547113	
num 9	3	325795	42118870	19283665	15713696	6287289	
num 9	4	122159	14733475	7631875	6391016	2516338	
num 9	5	32822	3652003	2169275	1846346	734808	
num 9	6	16242	1694378	1096367	991707	375500	
num 9	7	 9354	928752	633949	613791	218132	
num 10	0	335186	49540411	17213166	14461632	4592407	
num 10	1	431569	59661672	24024837	19800368	6994787	
num 10	2	325777	41787922	19568417	16164849	5877724	
num 10	3	126614	15061799	8089263	6804297	2457825	
num 10	4	47009	5243607	3119369	2689743	981585	
num 10	5	20111	2135084	1323119	1261208	429005	
num 10	6	15573	1556362	1046506	1040122	343698	
num 11	0	150677	20466713	8654227	7234265	2218107	
num 11	1	189798	24188463	11511412	9701260	3187153	
num 11	2	122641	14383934	7990539	6720056	2301567	
num 11	3	51201	5704335	3416473	2996413	990235	
num 11	4	25964	2778870	1704307	1651206	512401	
num 11	5	19600	1984289	1294925	1330234	408152	
num 12	0	61853	7802176	3827790	3324449	879953	
num 12	1	72415	8491252	4720157	4103735	1223096	
num 12	2	43840	4888115	2921496	2595963	817466	
num 12	3	25714	2792102	1653078	1658336	479268	
num 12	4	19698	2052100	1253149	1356821	380618	
num 13	0	15108	1810358	967533	868277	221480	
num 13	1	19152	2134412	1264931	1180000	323569	
num 13	2	18612	2048301	1165720	1224789	325862	
num 13	3	17852	1901265	1097384	1245801	325662	
num 14	0	 4667	531425	297829	293150	72348	
num 14	1	10734	1125722	698343	733073	190766	
num 14	2	15308	1585283	961763	1094401	277401	
num 15	0	 4762	471059	327522	333079	87412	
num 15	1	 5959	644544	351641	431647	97672	
num 16	0	 3541	324834	247834	264962	68866	

cactusADM      
num 0	0	1496411	383049737	15906	12081	 3492	
num 0	1	    0	    0	    0	    0	    0	
num 0	2	  818	191983	 8042	 4605	 4778	
num 0	3	    3	  652	   63	   29	   24	
num 0	4	  885	189276	17184	 9906	10194	
num 0	5	    4	  783	  115	   68	   58	
num 0	6	 1516	292221	43962	25370	26543	
num 0	7	    5	  874	  186	   89	  131	
num 0	8	1280847	327366650	264289	210912	54981	
num 0	9	    7	 1584	  100	   59	   49	
num 0	10	  168	25340	 8082	 4730	 4856	
num 0	11	    4	  786	  114	   72	   52	
num 0	12	  112	14636	 6507	 3617	 3912	
num 0	13	    4	  723	  148	   79	   74	
num 0	14	  222	22803	15775	 9295	 8959	
num 0	15	 5674	479960	456177	269991	246416	
num 0	16	938223	78748343	75012909	44876706	41547130	
num 1	0	 4662	1084449	60916	35237	12870	
num 1	1	   86	19996	  939	  557	  524	
num 1	2	   67	14357	 1457	  841	  497	
num 1	3	  142	30426	 2686	 1583	 1657	
num 1	4	  110	21149	 3530	 1919	 1562	
num 1	5	  445	85662	12863	 7499	 7896	
num 1	6	   92	15830	 3776	 2118	 1828	
num 1	7	 3021	718435	19264	29611	 6066	
num 1	8	12592	2926928	136140	131761	28723	
num 1	9	  112	18286	 4771	 2874	 2741	
num 1	10	   26	 4557	  997	  593	  509	
num 1	11	   69	 9345	 3784	 2277	 2258	
num 1	12	   26	 3355	 1560	  980	  761	
num 1	13	  175	18777	12177	 7258	 6588	
num 1	14	 6286	530017	509197	305773	264229	
num 1	15	580823	48674711	46476048	27892214	25647715	
num 2	0	93574	21824390	979570	870661	280323	
num 2	1	   77	15195	 2044	 2004	  469	
num 2	2	 1848	392093	36841	29584	14570	
num 2	3	   17	 3251	  515	  334	  252	
num 2	4	 2224	425671	66201	42738	34734	
num 2	5	   26	 4478	 1027	  692	  459	
num 2	6	 2386	464432	64326	49480	32578	
num 2	7	  232	50182	 3578	 4594	 1038	
num 2	8	11235	2481949	181448	164553	48210	
num 2	9	   50	 9926	 1371	  912	  591	
num 2	10	  376	50952	20764	13219	11321	
num 2	11	   33	 5107	 1578	 1068	  695	
num 2	12	  533	56141	37599	23591	19117	
num 2	13	 3384	292110	270542	171555	132097	
num 2	14	248486	20733897	19926971	12168044	10783504	
num 3	0	10164	2145855	221107	193570	41452	
num 3	1	  220	45598	 4831	 4279	 1612	
num 3	2	  314	59407	10044	 8300	 2633	
num 3	3	  422	80089	12990	 8713	 6240	
num 3	4	   85	14535	 3534	 2189	 1502	
num 3	5	 1062	219681	19773	23388	 9030	
num 3	6	   83	12581	 4123	 2818	 1726	
num 3	7	  448	81110	14780	12071	 6727	
num 3	8	 8430	1826708	145618	149230	36524	
num 3	9	  232	34893	11343	 7397	 5759	
num 3	10	  123	17981	 6400	 4295	 2812	
num 3	11	  417	46165	28187	19493	12907	
num 3	12	 4311	366702	348174	231622	157118	
num 3	13	75939	6320131	6086425	3876773	3157055	
num 4	0	94180	19830682	1932293	1902206	444899	
num 4	1	  210	39182	 6422	 6689	 1467	
num 4	2	 3062	579824	91462	83478	29108	
num 4	3	  109	18535	 4228	 3805	 1336	
num 4	4	 2055	400708	50022	54552	20798	
num 4	5	   42	 6395	 2026	 1507	  824	
num 4	6	 1074	158357	53809	37087	25691	
num 4	7	  225	44240	 5676	 5917	 1767	
num 4	8	10136	2002276	267439	252610	72491	
num 4	9	  170	25493	 8101	 6803	 3123	
num 4	10	 1086	113222	77456	53528	33810	
num 4	11	 3367	293558	266772	190455	111167	
num 4	12	57437	4728112	4608946	3171203	2195611	
num 5	0	18340	3528656	550806	486721	128857	
num 5	1	  406	76042	12164	12251	 3479	
num 5	2	  244	41277	 9951	 8518	 2718	
num 5	3	 1539	305337	28159	53411	 7077	
num 5	4	  436	84035	10190	14281	 3110	
num 5	5	  348	51349	17361	12347	 8031	
num 5	6	  319	42852	16781	16367	 5664	
num 5	7	  714	116590	28905	26696	10593	
num 5	8	 9507	1722374	316584	311982	82852	
num 5	9	  819	87242	56856	43685	21881	
num 5	10	 7299	625166	583479	420062	239837	
num 5	11	32142	2668759	2550882	1893751	1114960	
num 6	0	113505	21413390	3453564	3253341	936985	
num 6	1	  252	42581	 9660	10009	 2262	
num 6	2	 2639	485415	71354	99392	19423	
num 6	3	  868	165120	18389	34772	 3927	
num 6	4	 1373	209281	62612	56316	23279	
num 6	5	  567	79993	27043	29943	 8173	
num 6	6	 1644	204375	96982	86455	33052	
num 6	7	 1468	183089	89445	80090	23184	
num 6	8	59075	6272959	4110802	3625856	1113583	
num 6	9	 5424	472795	425781	327527	162441	
num 6	10	59036	4839191	4698836	3547769	2027420	
num 7	0	17944	3136958	648032	665313	143361	
num 7	1	 2666	523355	40068	109928	 9145	
num 7	2	 4848	876824	115807	225252	23205	
num 7	3	 9740	1624081	308579	481212	79568	
num 7	4	 7235	1072109	307535	393408	79108	
num 7	5	 6524	859543	341705	366845	102051	
num 7	6	 6276	715645	394253	380551	116207	
num 7	7	13585	1313857	995596	885040	283267	
num 7	8	393327	34330546	30107163	27687035	8566968	
num 7	9	34927	2894375	2746046	2211028	1089863	
num 8	0	3142867	674511496	3348303	125890402	823751	
num 8	1	106767	21156631	1135194	4653084	387443	
num 8	2	101596	18341744	2125690	5015338	525804	
num 8	3	125423	20547338	3837185	6641125	1082640	
num 8	4	78258	11446765	3216295	4464346	906642	
num 8	5	54003	7000382	2755699	3200319	868368	
num 8	6	49352	5413415	3107632	3146112	966953	
num 8	7	107382	9650768	8034777	7424411	2379836	
num 8	8	2407784	199937060	183132634	177833508	55489502	
num 9	0	30995	5283748	953698	1450109	247165	
num 9	1	 4640	826526	102077	228091	31146	
num 9	2	 9842	1598309	308992	523057	89194	
num 9	3	 8585	1255287	351327	486062	105084	
num 9	4	 8190	1043514	428763	484645	139718	
num 9	5	 8386	916648	530180	522975	177013	
num 9	6	37860	3258772	2948752	2443189	1041447	
num 9	7	356800	29306256	27523586	26145900	8365058	
num 10	0	71265	10703524	3214278	3431717	894321	
num 10	1	 1032	172767	27723	55929	 7773	
num 10	2	 2359	336013	104733	131625	31533	
num 10	3	 1759	245549	78566	101165	25024	
num 10	4	 5190	494794	385851	310394	137601	
num 10	5	 9955	856610	775699	628405	287766	
num 10	6	167777	13621715	13168198	11267289	4893710	
num 11	0	25491	3692326	1126157	1422897	284316	
num 11	1	  555	85567	18768	32308	 5437	
num 11	2	 1240	147006	72050	79060	19324	
num 11	3	 1969	244402	106921	119265	33476	
num 11	4	21653	1821408	1716930	1357940	646890	
num 11	5	37098	3034175	2899730	2440913	1122270	
num 12	0	63441	8064643	3532934	3709948	933371	
num 12	1	  502	68777	21856	31806	 6073	
num 12	2	 6340	626683	446885	430862	118610	
num 12	3	 5873	553034	424628	371350	154476	
num 12	4	92730	7558647	7255496	6033641	2891096	
num 13	0	38822	4257172	2507820	2560794	612646	
num 13	1	  836	90166	52402	57349	14099	
num 13	2	23326	1941147	1816846	1721352	492111	
num 13	3	18932	1709239	1368764	1253952	514637	
num 14	0	191759	17674803	14264165	13571743	3579593	
num 14	1	 2811	246893	209268	209090	54365	
num 14	2	89353	7311628	6772636	6854234	1935870	
num 15	0	633417	52605372	49041611	47800713	12707056	
num 15	1	 7983	656171	603879	613655	169943	
num 16	0	2092085	168615310	159175939	164060872	43721639	

perlbench      
num 0	0	  749	171245	11085	 8645	  769	
num 0	1	  151	34805	 2087	 1181	  583	
num 0	2	  296	65883	 5122	 3023	 1748	
num 0	3	  365	77251	 8332	 4778	 3079	
num 0	4	 1941	399518	50255	28396	18727	
num 0	5	 1488	310801	32448	22332	15347	
num 0	6	 1045	214454	23978	16655	12433	
num 0	7	  112	22006	 3093	 1945	 1628	
num 0	8	  840	154278	25577	18026	17159	
num 0	9	    1	  171	   42	   18	   25	
num 0	10	    5	  791	  270	  116	  103	
num 0	11	    2	  236	  152	   59	   65	
num 0	12	    2	  281	  118	   61	   52	
num 0	13	    0	    0	    0	    0	    0	
num 0	14	    4	  458	  308	  144	  114	
num 0	15	    7	  677	  567	  281	  267	
num 0	16	 1736	167274	149227	68796	59119	
num 1	0	 1801	401495	32478	22367	 4716	
num 1	1	 1187	258218	24534	14873	 6247	
num 1	2	 1932	405481	46086	28402	14623	
num 1	3	 4715	956299	128023	79211	43507	
num 1	4	 9432	1872912	269784	175328	96568	
num 1	5	 6667	1315808	180896	130747	79301	
num 1	6	 1789	336603	56475	38778	26128	
num 1	7	  966	175541	31108	22261	18386	
num 1	8	   11	 1739	  572	  291	  214	
num 1	9	   11	 1687	  592	  297	  240	
num 1	10	   13	 1790	  829	  410	  299	
num 1	11	    5	  631	  356	  152	  141	
num 1	12	    3	  351	  240	   90	   87	
num 1	13	   11	 1089	  844	  576	  307	
num 1	14	   33	 2952	 2711	 1625	 1160	
num 1	15	 1168	104418	98535	53025	43030	
num 2	0	 4669	999267	104469	73776	17752	
num 2	1	 5155	1077949	125883	82994	32854	
num 2	2	10061	2023795	282120	184189	85512	
num 2	3	17622	3452829	528408	355175	174820	
num 2	4	22807	4359641	711319	503374	264258	
num 2	5	 9220	1703970	307613	220498	128239	
num 2	6	 5778	1018871	208979	146506	104812	
num 2	7	  348	57345	14804	 9993	 6946	
num 2	8	   19	 2797	 1068	  616	  383	
num 2	9	   23	 3257	 1408	  707	  516	
num 2	10	   17	 2230	 1128	  571	  423	
num 2	11	    9	 1062	  614	  368	  260	
num 2	12	   30	 3232	 2277	 1278	  893	
num 2	13	   78	 7305	 6005	 3969	 2689	
num 2	14	 1186	105114	98125	55801	44576	
num 3	0	 9387	1939479	238637	179954	45002	
num 3	1	13971	2805738	392273	275078	103487	
num 3	2	24597	4784579	752284	531826	228143	
num 3	3	34178	6456984	1111457	801743	379384	
num 3	4	24959	4529927	887857	642130	329590	
num 3	5	14659	2545990	562378	393855	250481	
num 3	6	 2139	345326	95554	63901	42803	
num 3	7	  128	18550	 7166	 4151	 2901	
num 3	8	   47	 6254	 3049	 1598	 1131	
num 3	9	   42	 5176	 2888	 1617	 1071	
num 3	10	   47	 5472	 3367	 1918	 1275	
num 3	11	   81	 8443	 6208	 3606	 2479	
num 3	12	  153	14265	12015	 7663	 5225	
num 3	13	 1220	107310	99708	59929	45373	
num 4	0	15929	3169261	457780	359690	91093	
num 4	1	25113	4865510	778842	574754	209822	
num 4	2	38032	7128286	1269979	941469	396458	
num 4	3	33806	6077211	1239551	913685	423889	
num 4	4	26240	4482370	1066612	751337	417121	
num 4	5	 5762	921295	264491	180530	108756	
num 4	6	  915	131885	50044	32387	19924	
num 4	7	  222	29042	13969	 8606	 5215	
num 4	8	  106	13259	 6960	 4194	 2723	
num 4	9	   79	 8684	 5663	 3573	 2304	
num 4	10	  119	12190	 9010	 5762	 3502	
num 4	11	  204	19928	15626	10046	 6624	
num 4	12	 1207	108203	99336	58538	42915	
num 5	0	19226	3696835	602034	493149	129838	
num 5	1	31082	5790867	1056381	813939	295805	
num 5	2	33557	5988452	1255785	948207	398148	
num 5	3	28051	4751820	1169711	837646	421879	
num 5	4	 9933	1571081	469416	329000	173351	
num 5	5	 2578	369835	141603	94449	54081	
num 5	6	 1011	132492	61663	40854	23807	
num 5	7	  431	51793	28573	19320	10650	
num 5	8	  238	25939	17068	11610	 6311	
num 5	9	  189	19624	14012	 9053	 5695	
num 5	10	  285	27536	21814	14659	 8951	
num 5	11	 1363	123594	111348	66891	47095	
num 6	0	16976	3126587	588576	496503	134190	
num 6	1	23272	4128575	885196	688473	255388	
num 6	2	23816	4000606	1011565	753841	330884	
num 6	3	11739	1836276	566996	406888	195024	
num 6	4	 5502	786017	303498	209754	109243	
num 6	5	 2802	364900	171983	116204	64225	
num 6	6	 1484	178812	97568	66497	37027	
num 6	7	  665	72907	46924	32741	17668	
num 6	8	  531	54349	38891	26557	16139	
num 6	9	  362	34556	28033	19090	10993	
num 6	10	 1615	147100	131668	81276	53396	
num 7	0	 9876	1727343	386184	320475	94254	
num 7	1	14775	2467350	633822	492970	188258	
num 7	2	 9869	1527958	485456	356889	156161	
num 7	3	 7045	994537	395301	278934	134748	
num 7	4	 5195	676478	317534	222519	113389	
num 7	5	 3231	387552	212627	150629	76328	
num 7	6	 1972	219197	136383	98801	50451	
num 7	7	 1216	124773	88761	64260	33502	
num 7	8	 1054	99859	80279	57450	32236	
num 7	9	 1730	155572	142363	88492	56453	
num 8	0	 6867	1122015	302265	264839	68833	
num 8	1	 5803	889578	289633	219103	87254	
num 8	2	 5711	800878	322585	233360	105193	
num 8	3	 6178	800550	378924	271965	130129	
num 8	4	 4977	600641	321976	238650	112845	
num 8	5	 3692	413697	251502	191758	88195	
num 8	6	 2703	282331	192793	145520	71324	
num 8	7	 1934	184602	146057	108014	56431	
num 8	8	 6585	552549	542475	357231	233505	
num 9	0	 2179	326943	111343	89883	29655	
num 9	1	 3264	454334	185268	138644	57338	
num 9	2	 4573	588811	281609	207304	92964	
num 9	3	 5071	609933	330132	247422	110689	
num 9	4	 4962	556437	336284	262043	115508	
num 9	5	 4344	458257	304192	243172	106443	
num 9	6	 3552	342302	264361	206677	95972	
num 9	7	 7446	630798	607200	426302	241876	
num 10	0	 1405	190451	81765	65745	21719	
num 10	1	 2401	307331	148429	112894	46002	
num 10	2	 3637	438283	234745	181743	76301	
num 10	3	 4778	541797	320031	254150	107190	
num 10	4	 5489	584479	379601	310017	131087	
num 10	5	 5382	528819	389743	319822	139408	
num 10	6	15568	1293223	1275587	918884	497714	
num 11	0	 1119	140986	69546	57918	18014	
num 11	1	 1891	227321	121899	96955	37921	
num 11	2	 3108	354384	205932	169041	66291	
num 11	3	 4687	507729	316687	271403	104053	
num 11	4	 6280	623287	450525	375080	158788	
num 11	5	20319	1679756	1657196	1227009	637703	
num 12	0	  942	112445	60177	52233	16297	
num 12	1	 1676	193812	107934	94650	32660	
num 12	2	 3093	339192	205864	179808	66944	
num 12	3	 4787	483809	336515	291151	113997	
num 12	4	20835	1709923	1701250	1267715	654872	
num 13	0	  806	94619	49511	48768	13438	
num 13	1	 1531	168044	101531	89589	32772	
num 13	2	 3006	304863	209289	186117	69267	
num 13	3	14176	1171279	1145293	883689	428795	
num 14	0	  821	88725	54551	49608	17292	
num 14	1	 1445	149210	98280	90106	32324	
num 14	2	 8229	672637	667778	520783	245426	
num 15	0	  958	94541	67176	63033	20498	
num 15	1	 3849	310083	313804	244574	116883	
num 16	0	 3322	259440	274654	218893	97445	

