sphinx3        
num 0	0	39699	9390739	494895	239704	37606	
num 0	1	    0	    0	    0	    0	    0	
num 0	2	    0	    0	    0	    0	    0	
num 0	3	    3	  669	   38	   37	   24	
num 0	4	   20	 4767	  138	  121	   94	
num 0	5	   85	20184	  590	  518	  468	
num 0	6	   25	 4781	  816	  486	  317	
num 0	7	  124	24762	 3081	 1916	 1985	
num 0	8	88896	16612290	2696671	1870692	1577723	
num 0	9	    0	    0	    0	    0	    0	
num 0	10	    0	    0	    0	    0	    0	
num 0	11	    0	    0	    0	    0	    0	
num 0	12	    0	    0	    0	    0	    0	
num 0	13	    1	  173	   32	   32	   19	
num 0	14	   47	 4897	 3382	 2271	 1482	
num 0	15	 9758	972117	677931	454610	393390	
num 0	16	5311168	513965873	368010062	255230726	222452347	
num 1	0	 1961	447120	29949	19575	 5372	
num 1	1	    1	  220	   21	    8	    7	
num 1	2	    6	 1285	  112	   98	   41	
num 1	3	    7	 1622	   85	   66	   19	
num 1	4	   65	15085	  625	  557	  373	
num 1	5	   53	 9988	 1901	 1039	  640	
num 1	6	  284	52346	 9936	 6687	 3735	
num 1	7	17014	3102792	563904	405051	283837	
num 1	8	   11	 1723	  557	  420	  116	
num 1	9	    0	    0	    0	    0	    0	
num 1	10	    2	  277	  110	   94	   31	
num 1	11	    3	  430	  182	  105	   51	
num 1	12	    7	 1102	  327	  235	  128	
num 1	13	  100	10695	 7241	 5293	 2371	
num 1	14	 7107	690426	519126	354020	255820	
num 1	15	1836157	178297877	126997251	88241175	76519889	
num 2	0	 2606	570896	51915	32122	12203	
num 2	1	   45	 9168	 1179	  813	  360	
num 2	2	   30	 6051	  774	  599	  256	
num 2	3	   73	15252	 1645	 1319	  472	
num 2	4	  112	21662	 3492	 2367	 1151	
num 2	5	  457	84958	15901	10068	 6065	
num 2	6	24599	4475632	814988	615884	390840	
num 2	7	  326	54493	13162	10238	 5563	
num 2	8	   26	 3788	 1503	  928	  437	
num 2	9	    2	  298	   95	   95	   24	
num 2	10	   28	 4420	 1334	  835	  579	
num 2	11	   63	10438	 2628	 1814	 1248	
num 2	12	  304	38515	18991	12789	 7529	
num 2	13	 7112	671628	551552	385174	212318	
num 2	14	481453	45862817	34302096	24640050	18447005	
num 3	0	 5506	1185897	110685	83839	29115	
num 3	1	  118	23851	 3128	 2526	  703	
num 3	2	  148	28881	 4383	 3390	 1234	
num 3	3	  370	68972	12588	 9471	 3689	
num 3	4	 1154	214165	39634	27878	13747	
num 3	5	 5260	946699	181845	138389	79627	
num 3	6	 1115	185868	45588	36767	17217	
num 3	7	  172	27363	 7578	 6051	 3040	
num 3	8	  250	34828	13810	11211	 4151	
num 3	9	   72	12148	 2933	 2018	 1333	
num 3	10	  145	22789	 6796	 4784	 2751	
num 3	11	  783	109516	43076	30935	16921	
num 3	12	 9066	878837	695857	493644	252558	
num 3	13	233865	21263957	17728101	13512779	7364603	
num 4	0	13999	2922696	328899	251098	81051	
num 4	1	  291	56683	 8672	 7045	 2096	
num 4	2	  586	109617	20000	14968	 5431	
num 4	3	 1702	315466	57339	43852	19055	
num 4	4	 8685	1542573	307798	258101	114888	
num 4	5	 2571	428389	105803	87559	36425	
num 4	6	  855	137255	38226	30321	13078	
num 4	7	  663	93006	36873	28768	11081	
num 4	8	  862	115658	51353	37559	16102	
num 4	9	  356	55127	16726	12251	 7032	
num 4	10	  970	138887	52281	36827	20325	
num 4	11	10264	1022904	777648	546066	280966	
num 4	12	208316	18672168	16087040	12432039	6137649	
num 5	0	18028	3677530	453147	365201	119290	
num 5	1	  801	149317	27309	21698	 6732	
num 5	2	 1464	264588	54462	40596	15138	
num 5	3	 6169	1064167	243556	195427	76114	
num 5	4	16045	2675779	665279	558161	208301	
num 5	5	 1450	230214	65748	54271	20967	
num 5	6	 1195	173104	62727	50446	19643	
num 5	7	 2143	295862	118304	96995	37447	
num 5	8	 2505	335919	144747	114201	46413	
num 5	9	 1240	182880	62285	47068	25207	
num 5	10	 9008	943180	654810	469240	238818	
num 5	11	166590	14961150	12871083	9963790	4851017	
num 6	0	23504	4526665	718457	596221	175681	
num 6	1	 1366	247367	49581	39971	12777	
num 6	2	 4133	710976	164601	135968	46503	
num 6	3	 8666	1443784	361258	304086	109368	
num 6	4	 1976	311611	91120	77236	25889	
num 6	5	 1959	288519	100954	80637	31394	
num 6	6	 4470	610881	254119	200277	79043	
num 6	7	 6073	828037	336018	282447	108186	
num 6	8	11168	1222190	805543	553676	277599	
num 6	9	 7578	840950	522973	379620	196425	
num 6	10	116112	10475704	8931935	6945433	3371600	
num 7	0	17706	3281767	611103	487928	151938	
num 7	1	 3516	597672	142748	125853	33823	
num 7	2	 4520	743739	194320	168405	50656	
num 7	3	 2411	379182	109481	98183	30370	
num 7	4	 2857	418045	148363	121033	43951	
num 7	5	 4577	644993	248333	201904	76482	
num 7	6	 8899	1209343	495541	414240	159020	
num 7	7	11894	1502966	724115	577967	239816	
num 7	8	127576	11368341	10387577	7205996	3697542	
num 7	9	71657	6467403	5500905	4321078	2054806	
num 8	0	148344	25535303	5521667	5903032	1016062	
num 8	1	 2507	407056	111248	95425	28063	
num 8	2	 2999	469288	139988	121599	36869	
num 8	3	 3846	571928	196026	163283	53339	
num 8	4	 5580	791081	297373	247489	92537	
num 8	5	 8117	1126694	437741	372865	140652	
num 8	6	14780	1894031	878883	724171	286595	
num 8	7	42187	4165032	3187550	2346399	1100891	
num 8	8	1460649	124247519	116160139	89672851	43845635	
num 9	0	 6167	1051110	252595	210321	64726	
num 9	1	 1548	244992	69857	64524	16915	
num 9	2	 2567	393037	121656	108777	33682	
num 9	3	 3752	555967	186324	162540	55681	
num 9	4	 6385	894907	342686	288591	108376	
num 9	5	12022	1568735	698026	583204	227667	
num 9	6	37973	3842962	2806963	2142314	928849	
num 9	7	297711	25672419	23554813	18374544	8612240	
num 10	0	 9509	1603121	390983	338611	101589	
num 10	1	 1332	203713	63150	57423	16706	
num 10	2	 2133	321408	103140	91455	30045	
num 10	3	 3958	578295	199947	170856	64150	
num 10	4	 8455	1101650	496577	407420	158833	
num 10	5	30027	3026865	2206909	1741336	711802	
num 10	6	251628	21577163	19839161	16127812	6872632	
num 11	0	13516	2253371	559033	499394	148298	
num 11	1	 1154	174009	54906	50536	15973	
num 11	2	 2209	327068	110059	93036	35341	
num 11	3	 4785	645779	267351	224940	86890	
num 11	4	22742	2244039	1697372	1351678	528863	
num 11	5	177610	15303092	13797672	11750028	4617368	
num 12	0	15965	2615492	662981	628490	180077	
num 12	1	 1027	152568	49920	45334	15090	
num 12	2	 2345	312369	133127	112050	42774	
num 12	3	11641	1157984	858111	704390	259611	
num 12	4	138388	11871437	10752630	9304401	3498860	
num 13	0	17558	2744697	783674	754250	212227	
num 13	1	 1121	142694	67291	58396	18595	
num 13	2	 5720	558585	425667	355706	124362	
num 13	3	65452	5648608	5038295	4463502	1605307	
num 14	0	32429	3729203	2163388	1949765	459468	
num 14	1	 3631	342174	275141	232701	79520	
num 14	2	33287	2885870	2539047	2301237	795318	
num 15	0	195272	17635965	14934829	14401986	3016852	
num 15	1	21718	1872135	1654480	1545392	487801	
num 16	0	1147922	98804599	85244291	91687656	18131486	

zeusmp         
num 0	0	8456630	2164527408	275027	94353	  492	
num 0	1	   12	 3057	    7	    4	    4	
num 0	2	  263	65901	  647	  523	  257	
num 0	3	   11	 2816	    0	    0	    0	
num 0	4	  137	32328	 1296	  937	  511	
num 0	5	    1	  204	   22	   15	   15	
num 0	6	  121	25264	 2687	 1871	 1154	
num 0	7	    3	  684	   41	   23	   20	
num 0	8	325151	83194684	24918	11952	 7102	
num 0	9	   40	 9995	  122	  104	   19	
num 0	10	  121	22873	 3764	 2697	 1642	
num 0	11	    1	  144	   51	   35	   26	
num 0	12	  136	26232	 3961	 2636	 1987	
num 0	13	    0	    0	    0	    0	    0	
num 0	14	  591	137782	 6323	 4425	 2766	
num 0	15	   65	 5642	 5215	 3066	 2717	
num 0	16	914098	159839994	33900689	25596219	14672186	
num 1	0	48052	12022918	33948	235436	 9010	
num 1	1	  258	62766	 1036	 1859	  387	
num 1	2	  112	27711	  232	  646	   83	
num 1	3	   32	 7826	  111	  202	   53	
num 1	4	   14	 2855	  316	  241	  172	
num 1	5	   16	 3094	  471	  316	  215	
num 1	6	   30	 5510	 1002	  720	  448	
num 1	7	33635	8440029	 1272	168896	  363	
num 1	8	64688	15140442	641613	695513	82560	
num 1	9	   44	 7786	 1626	 1082	  770	
num 1	10	   17	 2401	  927	  557	  467	
num 1	11	   13	 1735	  737	  514	  342	
num 1	12	   13	 1542	  827	  547	  412	
num 1	13	   21	 2220	 1447	  991	  718	
num 1	14	  256	22794	20081	14178	 8483	
num 1	15	50412	4449879	3863503	2844341	1747749	
num 2	0	107109	25697491	529211	1030971	162231	
num 2	1	  590	144384	  439	 6104	  113	
num 2	2	  735	171069	 5430	10116	 1545	
num 2	3	   54	12914	  213	  632	   65	
num 2	4	  563	126606	 6391	 9026	 2105	
num 2	5	   11	 2196	  269	  222	  129	
num 2	6	 4018	972441	 8571	44238	 3358	
num 2	7	 8486	1951439	81914	123182	15881	
num 2	8	 8512	1834403	154845	164603	25221	
num 2	9	   37	 7360	  981	  863	  268	
num 2	10	  248	44877	 8255	 6788	 3568	
num 2	11	    1	  128	   52	   62	   14	
num 2	12	 1487	329957	18144	26014	 6557	
num 2	13	  104	10087	 7444	 6129	 2964	
num 2	14	82900	14641505	2749017	2711685	1120193	
num 3	0	95726	22930343	117689	1425640	32184	
num 3	1	  840	199073	 2129	13020	  818	
num 3	2	  501	118638	 1256	 7976	  386	
num 3	3	  183	38156	 2955	 4871	  866	
num 3	4	  385	91814	  576	 5921	  249	
num 3	5	 1678	402289	 1243	25654	  382	
num 3	6	   39	 7418	 1134	  946	  486	
num 3	7	   71	14386	 1594	 1728	  468	
num 3	8	 2005	420231	41289	46339	 5421	
num 3	9	   32	 5248	 1358	 1022	  564	
num 3	10	   22	 2810	 1251	  988	  583	
num 3	11	   45	 5137	 2782	 2471	 1130	
num 3	12	  258	23368	19992	14112	 8576	
num 3	13	 7043	683279	475385	449288	195056	
num 4	0	115497	25956167	1055320	2233339	322406	
num 4	1	  123	27881	  702	 2740	  165	
num 4	2	  971	203349	12672	29642	 2913	
num 4	3	 1511	355616	  591	30384	  225	
num 4	4	 1780	402924	10760	37952	 4044	
num 4	5	   51	11085	  561	 1331	   79	
num 4	6	  687	142712	12298	16053	 4809	
num 4	7	   53	10763	 1116	 1538	  151	
num 4	8	 1332	273602	29303	29462	 8625	
num 4	9	   44	 7108	 1724	 1870	  562	
num 4	10	 1388	279746	25738	40779	 9065	
num 4	11	   96	10036	 6263	 5700	 2577	
num 4	12	34234	5165616	1462200	1546605	589483	
num 5	0	18056	3931527	199639	432356	58814	
num 5	1	  924	193573	 9735	31865	 1371	
num 5	2	 1278	292635	 1611	32467	  455	
num 5	3	 6394	1456426	 9423	168879	 2136	
num 5	4	  344	72941	 3922	10316	  885	
num 5	5	   50	 9199	 1456	 1575	  570	
num 5	6	   41	 6722	 1529	 1644	  601	
num 5	7	   78	13437	 2607	 2982	  942	
num 5	8	 1076	216824	25938	26010	 6684	
num 5	9	   89	11788	 4610	 4740	 1646	
num 5	10	  391	37394	28404	22959	11339	
num 5	11	 6873	736753	395339	473557	153839	
num 6	0	117619	23680448	2168003	3664824	597189	
num 6	1	 2332	518950	 3892	73728	  422	
num 6	2	 5903	1310150	14263	182289	 4466	
num 6	3	 2573	541542	24828	86266	 6052	
num 6	4	  347	59382	11502	13829	 4119	
num 6	5	   72	12467	 2125	 3054	  786	
num 6	6	  412	70945	13502	15776	 5249	
num 6	7	  106	15822	 4751	 5354	 1209	
num 6	8	 3594	667309	96362	127312	29081	
num 6	9	  520	53739	35330	31971	12080	
num 6	10	32188	4462261	1470855	1747327	559685	
num 7	0	178374	39038650	314119	6222021	88954	
num 7	1	 6314	1363452	16929	230284	 5719	
num 7	2	 3860	780300	37640	159491	10729	
num 7	3	 3144	582175	53625	153035	16029	
num 7	4	 1521	265520	33586	80299	 9971	
num 7	5	 2199	364487	53458	129222	15777	
num 7	6	 2148	332678	67743	125759	23708	
num 7	7	 2539	364732	91136	164071	30045	
num 7	8	21510	2614700	1063151	1521927	306782	
num 7	9	102283	12929653	4156645	7775439	1322711	
num 8	0	2656164	570352085	2588471	106300980	736448	
num 8	1	10304	2078034	83288	452260	24242	
num 8	2	 8364	1548825	145386	403823	43150	
num 8	3	24170	4366690	388713	1335766	96351	
num 8	4	15479	2552820	391134	915312	103358	
num 8	5	14404	2202826	443186	922073	119339	
num 8	6	15939	2287720	579737	1053722	159205	
num 8	7	55235	7693909	1870698	4079902	495651	
num 8	8	1279980	161206322	52553725	99875798	14039035	
num 9	0	249623	49817317	2108609	11175920	801642	
num 9	1	 3067	577763	42522	151294	13573	
num 9	2	 2701	472636	55963	146038	16819	
num 9	3	 5455	903189	134052	318777	40462	
num 9	4	 3358	512143	106800	208093	32612	
num 9	5	 3312	462527	127316	219314	38715	
num 9	6	 9564	1285013	357600	706478	99293	
num 9	7	82086	9712412	3775552	6589206	936846	
num 10	0	92993	15248911	3023167	4661650	872480	
num 10	1	  165	27382	 4634	 8895	 1329	
num 10	2	  992	160333	27839	58744	 7036	
num 10	3	  273	38660	10532	18030	 2666	
num 10	4	 2552	395090	74970	165291	17961	
num 10	5	  289	30298	18527	19940	 5219	
num 10	6	44628	6128075	1900695	2750767	645231	
num 11	0	16928	2675869	601439	867892	188368	
num 11	1	  347	53978	10355	22011	 2488	
num 11	2	  240	34889	 8144	16663	 1744	
num 11	3	 2062	291944	67010	152275	16643	
num 11	4	 1222	131732	69732	94344	17024	
num 11	5	 5829	660209	269893	491411	70711	
num 12	0	90973	13114863	3655658	5475602	1042965	
num 12	1	   64	 9184	 2411	 4123	  666	
num 12	2	 3465	512107	91316	268742	14875	
num 12	3	  870	95435	47204	71053	 9028	
num 12	4	26610	2982231	1387472	2046489	395968	
num 13	0	15518	2015375	793991	936116	227126	
num 13	1	 1966	282786	50921	162784	 6805	
num 13	2	 2566	322641	99863	213989	20403	
num 13	3	15171	1616829	804223	1259289	203435	
num 14	0	270199	36295850	10141786	20059868	2673440	
num 14	1	 1200	151260	48982	95463	11495	
num 14	2	25815	2957617	1182136	2163756	305131	
num 15	0	149997	13360712	11354457	10554812	3129251	
num 15	1	10785	1225010	472868	959798	103284	
num 16	0	5059156	573324917	235843329	419986874	65988816	

GemsFDTD       
num 0	0	16207213	4147632561	804032	414649	195286	
num 0	1	    0	    0	    0	    0	    0	
num 0	2	  748	175403	 7421	 4422	 4242	
num 0	3	    0	    0	    0	    0	    0	
num 0	4	  704	150041	13956	 8125	 8102	
num 0	5	    0	    0	    0	    0	    0	
num 0	6	  670	128658	19863	11683	11316	
num 0	7	    0	    0	    0	    0	    0	
num 0	8	  681	114069	28101	16179	15987	
num 0	9	    0	    0	    0	    0	    0	
num 0	10	  697	103573	34719	20647	19493	
num 0	11	    5	  646	  311	  176	  147	
num 0	12	 2879	370781	168732	102129	95382	
num 0	13	   11	 1205	  757	  455	  399	
num 0	14	56999	6177318	3853942	2405799	2154685	
num 0	15	 8615	785803	658271	394455	366911	
num 0	16	32385265	2892597423	2453845723	1540165717	1404018977	
num 1	0	 1789	414847	23357	15669	 4111	
num 1	1	   13	 2989	  157	   97	   85	
num 1	2	   15	 3191	  354	  183	  112	
num 1	3	   35	 7419	  683	  411	  447	
num 1	4	   11	 2108	  350	  218	  140	
num 1	5	   35	 6706	 1031	  630	  593	
num 1	6	    8	 1375	  331	  211	  131	
num 1	7	   54	 9171	 2160	 1270	 1223	
num 1	8	   11	 1569	  629	  353	  265	
num 1	9	   49	 7218	 2490	 1457	 1379	
num 1	10	   19	 2403	 1196	  731	  534	
num 1	11	  310	39596	18447	10983	10334	
num 1	12	  533	58552	36942	22773	18181	
num 1	13	 5974	645965	403982	252642	226755	
num 1	14	33604	2987141	2651821	1611924	1351738	
num 1	15	4010448	356358141	304529794	190698574	175088179	
num 2	0	164325	38389159	1622555	1704379	351107	
num 2	1	    3	  594	   85	   74	   15	
num 2	2	 1522	323384	29775	24040	12433	
num 2	3	    2	  389	   64	   39	   20	
num 2	4	 1499	286158	44559	32148	20879	
num 2	5	    0	    0	    0	    0	    0	
num 2	6	 1442	244551	57152	39176	28273	
num 2	7	    0	    0	    0	    0	    0	
num 2	8	 1381	204631	68460	45738	34707	
num 2	9	    2	  244	  118	   85	   65	
num 2	10	 2684	338953	160563	106446	81142	
num 2	11	   75	 8261	 5179	 3131	 2629	
num 2	12	69114	7457528	4643328	3148173	2444155	
num 2	13	 6745	600991	529549	323555	272625	
num 2	14	4034246	351200584	310120536	205485884	165959972	
num 3	0	 4371	941460	91950	71322	14244	
num 3	1	   36	 7507	  826	  537	  346	
num 3	2	   23	 4385	  748	  555	  200	
num 3	3	   39	 7459	 1193	  765	  567	
num 3	4	   28	 4731	 1180	  785	  472	
num 3	5	   69	11752	 2713	 1776	 1423	
num 3	6	   24	 3577	 1238	  787	  542	
num 3	7	   70	10348	 3457	 2288	 1827	
num 3	8	   71	 9039	 4409	 2909	 1819	
num 3	9	  208	26255	12482	 8319	 6192	
num 3	10	  339	36567	23774	15886	10557	
num 3	11	 7755	834766	522580	353067	274867	
num 3	12	27726	2460037	2179046	1424756	1034017	
num 3	13	457247	39751603	35196314	23235367	18871948	
num 4	0	164396	34815025	3228001	3367457	674893	
num 4	1	    8	 1555	  234	  205	   54	
num 4	2	 1767	336067	52187	45289	18809	
num 4	3	    2	  352	   71	   63	   26	
num 4	4	 1713	289658	67290	53923	27657	
num 4	5	    0	    0	    0	    0	    0	
num 4	6	 1633	241735	79901	60609	35803	
num 4	7	    6	  833	  318	  232	  153	
num 4	8	 3596	452981	213214	158377	96004	
num 4	9	   44	 4778	 3063	 2077	 1346	
num 4	10	18303	1939317	1246905	911553	587793	
num 4	11	 4944	440289	387686	252229	185460	
num 4	12	1680527	145518571	128497018	91991297	64208026	
num 5	0	 4519	877867	134592	118279	26126	
num 5	1	   33	 6183	 1062	  812	  391	
num 5	2	   51	 8690	 2106	 1612	  648	
num 5	3	   46	 7807	 1784	 1479	  706	
num 5	4	   52	 7768	 2672	 2002	  870	
num 5	5	   66	 9808	 3252	 2372	 1464	
num 5	6	  125	15815	 7682	 5863	 2640	
num 5	7	  228	28375	13857	 9944	 6192	
num 5	8	  293	31169	20680	14912	 8247	
num 5	9	 1658	175838	113027	81933	53650	
num 5	10	12106	1052158	962365	667696	416917	
num 5	11	184722	16038370	14104490	10067650	7078322	
num 6	0	158463	30040418	4633382	4878958	1013770	
num 6	1	   12	 2149	  399	  388	  136	
num 6	2	 1966	330642	77286	69573	25795	
num 6	3	    8	 1120	  463	  322	  143	
num 6	4	 1791	263623	87242	74627	33004	
num 6	5	   14	 1764	  888	  650	  282	
num 6	6	 4522	566345	266726	221372	103189	
num 6	7	   48	 4900	 3560	 2512	 1316	
num 6	8	13254	1373781	912075	734295	372873	
num 6	9	 1823	159353	144446	99333	63556	
num 6	10	520820	44044485	40296945	30564231	18424259	
num 7	0	 5225	894525	208646	198963	35466	
num 7	1	   45	 7063	 2160	 1636	  661	
num 7	2	   76	11209	 4008	 3029	 1210	
num 7	3	   85	11902	 4647	 3707	 1504	
num 7	4	  257	32084	16044	12725	 4939	
num 7	5	  238	29506	14258	11713	 5451	
num 7	6	  478	50442	33877	26703	11346	
num 7	7	  879	90407	61226	48341	25050	
num 7	8	10548	908720	841034	609857	340677	
num 7	9	45939	3902090	3552274	2660715	1645305	
num 8	0	171878	28051900	7268584	7223376	1456908	
num 8	1	  285	31034	23386	13766	 4774	
num 8	2	 2312	327491	121394	105285	37702	
num 8	3	  293	29867	23720	14472	 6949	
num 8	4	 6748	834447	401345	357385	134311	
num 8	5	  328	31455	26025	17178	 9310	
num 8	6	15786	1626638	1079545	949832	385201	
num 8	7	 2212	198746	170019	126960	70547	
num 8	8	376558	31642674	29133914	23089872	12532388	
num 9	0	 6606	953463	353586	322512	61575	
num 9	1	   47	 6325	 2742	 2185	  780	
num 9	2	  320	39898	19861	17424	 4737	
num 9	3	  212	26010	12901	11156	 4205	
num 9	4	  762	80236	53528	45912	15396	
num 9	5	  803	82939	55250	47675	19704	
num 9	6	 7466	627978	600413	480659	202246	
num 9	7	22282	1867706	1731612	1371842	733032	
num 10	0	153355	22332163	7401893	7907811	1617013	
num 10	1	   22	 2846	 1332	 1164	  290	
num 10	2	 7183	893738	416662	415167	113281	
num 10	3	   71	 7676	 4870	 4198	 1432	
num 10	4	19288	1988540	1299928	1251767	397493	
num 10	5	  601	51688	48170	37049	16949	
num 10	6	255728	20993518	19820624	17361812	7290414	
num 11	0	22297	2801492	1369765	1212058	324717	
num 11	1	  120	14805	 7145	 7009	 1761	
num 11	2	 1025	107738	71088	66642	16932	
num 11	3	  723	74808	48732	47100	14448	
num 11	4	 9353	783269	746763	645303	219033	
num 11	5	12004	988683	934380	805062	344899	
num 12	0	407089	50497861	23601065	23932557	6183301	
num 12	1	   48	 5199	 3244	 2962	  883	
num 12	2	21904	2248030	1462473	1527452	369469	
num 12	3	  565	48264	45333	37044	13999	
num 12	4	258725	21163805	19898056	18575578	6596161	
num 13	0	63026	6629453	4418835	3895651	1190717	
num 13	1	  301	30904	20474	20690	 4988	
num 13	2	10195	851673	810236	738343	209668	
num 13	3	 9350	771183	722340	655113	244964	
num 14	0	1183249	121674846	79083610	80409195	21744093	
num 14	1	  326	28154	26056	21981	 7265	
num 14	2	248090	20225647	18930622	18755502	5599269	
num 15	0	565377	47552778	44979103	39482854	12721777	
num 15	1	 4765	395018	364991	346749	113082	
num 16	0	12242412	998720174	931870696	935362655	268103947	

gobmk          
num 0	0	14918	3721783	63562	26257	 7406	
num 0	1	  512	124756	 3189	 1851	 1276	
num 0	2	  371	87674	 3327	 2311	 1664	
num 0	3	  184	41903	 2320	 1738	 1143	
num 0	4	  493	105421	10336	 6588	 3863	
num 0	5	   56	11937	 1140	  764	  495	
num 0	6	  201	35491	 8178	 4353	 3434	
num 0	7	 1007	190983	30516	20063	16230	
num 0	8	 1951	343201	71942	44679	39634	
num 0	9	 1663	279271	67291	42850	36316	
num 0	10	  117	18884	 4984	 3258	 2826	
num 0	11	    3	  454	  140	   85	   89	
num 0	12	    0	    0	    0	    0	    0	
num 0	13	    0	    0	    0	    0	    0	
num 0	14	    0	    0	    0	    0	    0	
num 0	15	    0	    0	    0	    0	    0	
num 0	16	   30	 2985	 2163	 1662	  870	
num 1	0	15586	3764251	115499	90443	19823	
num 1	1	 3649	859731	34220	28320	11873	
num 1	2	 2149	489757	26951	22170	11266	
num 1	3	 1301	284695	21936	16988	 9437	
num 1	4	 1941	409151	41431	30334	15980	
num 1	5	  294	60011	 7142	 5309	 2802	
num 1	6	  686	123145	25365	15945	11161	
num 1	7	 1439	258165	49843	34652	25724	
num 1	8	 2586	432386	104841	69003	55786	
num 1	9	 1314	209480	57278	39279	30347	
num 1	10	   80	12268	 3674	 2537	 2001	
num 1	11	    1	  201	   25	   17	   13	
num 1	12	    0	    0	    0	    0	    0	
num 1	13	    0	    0	    0	    0	    0	
num 1	14	    3	  332	  204	  168	   64	
num 1	15	   57	 6156	 3715	 3260	 1461	
num 2	0	35309	8278103	343723	360580	56698	
num 2	1	 9787	2228953	122542	114168	39809	
num 2	2	 6857	1501672	114459	93999	45262	
num 2	3	 3609	757572	75672	60804	29856	
num 2	4	 3705	761526	85878	68858	32218	
num 2	5	  827	160891	23641	17896	 9284	
num 2	6	 3505	613473	128719	95762	59326	
num 2	7	 1185	201391	45884	32573	23512	
num 2	8	 1420	225956	62325	43233	32006	
num 2	9	  370	55932	17435	12434	 8919	
num 2	10	    1	  192	   20	   29	   15	
num 2	11	    0	    0	    0	    0	    0	
num 2	12	    2	  216	  141	  109	   46	
num 2	13	    4	  436	  277	  219	   92	
num 2	14	   60	 6150	 4095	 3531	 1584	
num 3	0	47495	10766129	600060	696438	96093	
num 3	1	17761	3892178	291767	266738	96133	
num 3	2	12659	2663464	261243	218317	97680	
num 3	3	 5703	1144874	143964	118182	52948	
num 3	4	 6947	1357506	186659	164967	69300	
num 3	5	 2008	366844	67786	55829	23589	
num 3	6	 5115	854560	202985	164080	87815	
num 3	7	  789	125980	34546	25956	15502	
num 3	8	  436	65496	21025	15334	 9761	
num 3	9	   39	 5203	 2310	 1602	  869	
num 3	10	   11	 1326	  679	  547	  264	
num 3	11	    8	  861	  526	  492	  169	
num 3	12	    5	  531	  346	  294	  109	
num 3	13	   51	 5565	 3315	 2935	 1241	
num 4	0	49770	10837853	833646	894736	174885	
num 4	1	23684	4981675	484944	434901	161584	
num 4	2	15291	3070919	383764	323802	136011	
num 4	3	 7762	1472670	237359	199341	77702	
num 4	4	 8657	1587231	284003	254230	90728	
num 4	5	 3021	513582	118457	102156	39181	
num 4	6	 3253	514228	143247	122164	53129	
num 4	7	  740	109090	37103	30208	13039	
num 4	8	  155	21243	 8553	 6525	 3359	
num 4	9	   62	 7508	 3876	 3015	 1473	
num 4	10	   56	 6076	 3772	 2964	 1524	
num 4	11	   27	 2713	 1953	 1504	  742	
num 4	12	   49	 5307	 3168	 2849	 1220	
num 5	0	37330	7823114	764581	812733	156052	
num 5	1	24450	4899936	614692	541248	203324	
num 5	2	18201	3449122	550062	483263	177009	
num 5	3	14028	2496414	498211	448517	148026	
num 5	4	 9898	1678931	387414	349197	118346	
num 5	5	 5205	819393	234727	208695	69665	
num 5	6	 2394	353620	118862	101589	38793	
num 5	7	  455	62681	24582	19591	 9626	
num 5	8	  195	24050	11945	 9355	 4570	
num 5	9	  218	24674	14083	11581	 5470	
num 5	10	  129	13678	 8781	 7030	 3535	
num 5	11	  132	13593	 9022	 7436	 3741	
num 6	0	35859	7127563	925805	890143	236393	
num 6	1	26045	4919294	788864	716522	242840	
num 6	2	23803	4236217	837118	775433	244800	
num 6	3	19074	3176518	771660	708650	226116	
num 6	4	13000	2049288	576547	535521	166644	
num 6	5	 4649	690897	227454	200387	71406	
num 6	6	 1118	156460	59132	48050	22566	
num 6	7	  520	65441	30942	25303	11434	
num 6	8	  457	52607	29457	23986	10942	
num 6	9	  590	62973	40013	32714	15340	
num 6	10	  554	56280	37654	33124	14766	
num 7	0	39209	7406742	1142195	1315893	172674	
num 7	1	28826	5134351	998203	981835	265067	
num 7	2	29049	4850902	1153327	1120064	312251	
num 7	3	24671	3847445	1107318	1051238	309775	
num 7	4	 8758	1303562	423676	384848	129962	
num 7	5	 2340	326466	123900	103252	45422	
num 7	6	 1317	166667	77429	64660	28396	
num 7	7	  815	95068	51834	42855	18883	
num 7	8	 1007	110610	65585	57224	24373	
num 7	9	 1569	160906	105840	94047	40871	
num 8	0	47849	8483817	1616163	1944208	205156	
num 8	1	29704	4976861	1155502	1198553	273308	
num 8	2	29218	4581389	1286171	1278263	333985	
num 8	3	13528	1994283	658718	617818	192349	
num 8	4	 3832	532382	204251	173283	71076	
num 8	5	 3424	430881	201604	173330	70729	
num 8	6	 1567	181947	98706	85816	34683	
num 8	7	 1308	146240	84390	73151	31067	
num 8	8	 2063	216405	135884	123897	51942	
num 9	0	44587	7416324	1692472	2126286	179190	
num 9	1	20966	3325448	896304	935276	210268	
num 9	2	13445	1993100	643911	632773	172136	
num 9	3	 7486	1000603	414037	370664	131112	
num 9	4	 6889	860537	404987	360231	137829	
num 9	5	 2985	341709	189710	168292	64449	
num 9	6	 1405	160602	86602	81987	30489	
num 9	7	 1888	202338	121870	113480	45640	
num 10	0	21091	3328051	878328	1101603	91314	
num 10	1	 7809	1178895	362432	369417	88360	
num 10	2	 4443	622214	232510	213578	69106	
num 10	3	10423	1293122	610533	567203	197430	
num 10	4	 5168	587907	327105	301270	106726	
num 10	5	 1304	153712	77832	77663	24617	
num 10	6	 2095	228180	127072	138500	42568	
num 11	0	 5550	834257	251847	301948	32748	
num 11	1	 2432	343235	125415	122126	31816	
num 11	2	 6280	793729	357872	346458	109621	
num 11	3	 5708	653482	357002	339122	111642	
num 11	4	 1679	202979	94359	106782	25704	
num 11	5	 1694	189815	100138	111082	32629	
num 12	0	 2017	281174	104041	112393	18744	
num 12	1	 4393	553163	249669	256284	65492	
num 12	2	 2449	301261	141469	144815	39399	
num 12	3	 1679	206479	93146	103862	26337	
num 12	4	 2542	291266	141256	179844	38386	
num 13	0	 6182	771793	346340	385310	79149	
num 13	1	 2838	334032	169235	180112	43149	
num 13	2	 1519	190312	81361	95808	21383	
num 13	3	 2144	251926	117923	144856	34159	
num 14	0	 4089	482324	237425	275783	51252	
num 14	1	  970	123982	49376	64300	10662	
num 14	2	 2077	248727	110051	144135	28799	
num 15	0	 1782	229243	83777	136120	 7052	
num 15	1	 1281	154794	63816	97742	11584	
num 16	0	 2422	297422	111489	200209	10912	

bzip2          
num 0	0	40834	9858002	358459	182066	54977	
num 0	1	  250	58980	 2669	 1725	  626	
num 0	2	   14	 3253	  164	  115	   52	
num 0	3	    1	  256	    0	    0	    0	
num 0	4	    2	  420	   41	   39	   12	
num 0	5	    0	    0	    0	    0	    0	
num 0	6	    0	    0	    0	    0	    0	
num 0	7	    0	    0	    0	    0	    0	
num 0	8	    0	    0	    0	    0	    0	
num 0	9	    0	    0	    0	    0	    0	
num 0	10	    0	    0	    0	    0	    0	
num 0	11	    0	    0	    0	    0	    0	
num 0	12	    3	  343	  206	  138	   81	
num 0	13	   11	 1417	  646	  472	  281	
num 0	14	  272	31456	17607	13107	 7462	
num 0	15	 6060	705986	384267	282933	178174	
num 0	16	548873	59056751	37193868	25935455	18325414	
num 1	0	23611	5481316	312532	194751	55817	
num 1	1	  650	149658	 8270	 6261	 2211	
num 1	2	   80	17543	 1440	 1106	  391	
num 1	3	   21	 4406	  474	  347	  149	
num 1	4	    6	 1230	  143	  124	   39	
num 1	5	    3	  518	  120	   99	   31	
num 1	6	    2	  374	   71	   50	   17	
num 1	7	    0	    0	    0	    0	    0	
num 1	8	    5	  747	  266	  166	  101	
num 1	9	    1	  142	   59	   40	   15	
num 1	10	    6	  790	  373	  246	  127	
num 1	11	   14	 1737	  868	  683	  296	
num 1	12	   72	 8357	 4813	 3401	 1861	
num 1	13	  838	96313	54778	41134	22303	
num 1	14	13573	1568045	868406	650223	388014	
num 1	15	461557	51024897	30322985	22007447	14803263	
num 2	0	17724	4013318	275270	192822	55934	
num 2	1	 1160	258881	18350	14871	 4858	
num 2	2	  222	47200	 4659	 3646	 1327	
num 2	3	   57	11658	 1371	 1182	  381	
num 2	4	   18	 3492	  531	  422	  163	
num 2	5	   19	 3391	  701	  558	  214	
num 2	6	   14	 2506	  486	  441	  151	
num 2	7	   11	 1737	  486	  447	  146	
num 2	8	   14	 1992	  772	  577	  243	
num 2	9	   18	 2540	  969	  753	  346	
num 2	10	   47	 5946	 2899	 2071	 1116	
num 2	11	  177	20974	11361	 8699	 4278	
num 2	12	 1565	179327	102916	76150	42247	
num 2	13	18083	2070190	1167091	884984	506983	
num 2	14	350741	38946966	22899956	17061892	10880882	
num 3	0	13501	2988702	236283	178450	52821	
num 3	1	 1659	359697	30922	25881	 8204	
num 3	2	  433	89341	10066	 8602	 2839	
num 3	3	  153	29821	 4374	 3819	 1154	
num 3	4	   87	15926	 2952	 2514	  880	
num 3	5	   57	 9965	 2153	 1787	  687	
num 3	6	   45	 6974	 2124	 1725	  697	
num 3	7	   41	 6017	 2180	 1640	  659	
num 3	8	   62	 8794	 3321	 2653	 1104	
num 3	9	  137	17566	 8348	 6214	 2944	
num 3	10	  373	45260	23612	18016	 8600	
num 3	11	 2232	259658	144408	109814	57512	
num 3	12	18742	2132999	1218629	932208	514116	
num 3	13	237594	26269808	15547755	11866139	7140362	
num 4	0	 9794	2111872	195756	153701	45935	
num 4	1	 2092	439706	44575	39247	12024	
num 4	2	  725	144981	18674	16656	 5289	
num 4	3	  347	65413	10885	 9443	 3091	
num 4	4	  236	41776	 8595	 7499	 2546	
num 4	5	  167	27460	 7196	 5893	 2203	
num 4	6	  160	24382	 7750	 6366	 2462	
num 4	7	  164	23017	 9005	 7044	 2918	
num 4	8	  307	41159	17433	14021	 5979	
num 4	9	  659	80854	41178	31984	14688	
num 4	10	 2801	329884	179803	138400	68969	
num 4	11	16943	1932482	1098549	855842	450535	
num 4	12	151191	16661685	9909186	7743629	4390396	
num 5	0	 7678	1599506	180751	142130	43181	
num 5	1	 2386	483942	58243	52925	15706	
num 5	2	 1160	221667	34552	31207	 9534	
num 5	3	  641	115720	22243	19734	 6399	
num 5	4	  478	80727	19246	16631	 5764	
num 5	5	  410	64529	18921	15597	 5913	
num 5	6	  457	66814	23137	19628	 7413	
num 5	7	  583	78374	33268	26402	11204	
num 5	8	 1092	138020	66020	52752	22760	
num 5	9	 3130	371670	198417	158551	72642	
num 5	10	14445	1659154	928413	744392	365961	
num 5	11	93815	10345148	6123274	4931015	2617203	
num 6	0	 6215	1241912	171010	138973	39145	
num 6	1	 2548	495180	71959	65941	19208	
num 6	2	 1591	291923	52787	47722	14864	
num 6	3	 1077	184540	41989	36948	12235	
num 6	4	  939	150090	41778	36159	12357	
num 6	5	  870	129828	43078	36473	13341	
num 6	6	 1056	147093	57228	47657	18358	
num 6	7	 1692	218919	99148	81951	33134	
num 6	8	 3847	465366	238728	197639	83099	
num 6	9	12162	1416078	767426	642085	287883	
num 6	10	59874	6612737	3878136	3254869	1582002	
num 7	0	 5026	948426	167202	134062	36966	
num 7	1	 2607	482391	85323	77757	21921	
num 7	2	 1904	331601	71855	64309	19659	
num 7	3	 1608	263199	68046	60926	19477	
num 7	4	 1456	221552	69718	60678	20788	
num 7	5	 1654	235106	86450	75011	26857	
num 7	6	 2248	295583	128609	110244	41052	
num 7	7	 4282	530123	258516	221515	86038	
num 7	8	10843	1281414	669390	587856	237148	
num 7	9	42413	4697402	2715301	2399038	1045987	
num 8	0	 4702	827509	189710	147355	39138	
num 8	1	 2652	463442	99946	91002	24522	
num 8	2	 2230	368336	93233	84019	25292	
num 8	3	 2100	323125	99132	86869	28474	
num 8	4	 2314	332174	119826	104759	35625	
num 8	5	 2939	394061	164249	143237	50837	
num 8	6	 4826	607629	284430	253533	89864	
num 8	7	10714	1288924	646090	592970	214800	
num 8	8	34359	3827947	2166355	2021609	779993	
num 9	0	 4988	817579	232901	179871	46577	
num 9	1	 2825	461479	122988	110638	28095	
num 9	2	 2671	414553	123739	111688	33796	
num 9	3	 2992	432480	153491	135182	44799	
num 9	4	 3587	486761	196922	176067	58522	
num 9	5	 5671	729182	324077	301308	97209	
num 9	6	10687	1307580	627554	604110	196628	
num 9	7	30483	3428253	1886176	1849641	639578	
num 10	0	 6655	1026772	339396	267962	69550	
num 10	1	 3473	527333	169070	153745	38940	
num 10	2	 3688	530590	191103	169810	52625	
num 10	3	 4601	624255	251958	227805	73838	
num 10	4	 6511	844535	367392	346157	108732	
num 10	5	11149	1385036	640836	638096	190176	
num 10	6	29678	3356117	1812100	1852863	576488	
num 11	0	10999	1628131	579452	476539	131622	
num 11	1	 5234	740964	277876	251918	69146	
num 11	2	 6117	830064	335032	305587	95269	
num 11	3	 8345	1085209	469919	443568	137624	
num 11	4	12571	1583255	706418	722210	206293	
num 11	5	30482	3481703	1830298	1932424	558967	
num 12	0	20052	2864321	1077716	925975	265300	
num 12	1	 9309	1259827	509838	479176	134263	
num 12	2	11248	1471491	624724	602246	181027	
num 12	3	15754	1993702	878481	901601	259240	
num 12	4	33516	3864656	1984265	2139190	591985	
num 13	0	38532	5361275	2072728	1859223	570966	
num 13	1	17336	2284526	948173	951740	253577	
num 13	2	20724	2649308	1141130	1185303	329603	
num 13	3	41701	4808113	2462666	2684781	719896	
num 14	0	74160	10058149	3979794	3790391	1156626	
num 14	1	31012	3983276	1681672	1835223	438901	
num 14	2	53615	6211762	3131601	3504756	877321	
num 15	0	141860	18644601	7613307	7791380	2266872	
num 15	1	81374	9488146	4610977	5613363	1119258	
num 16	0	369814	44225796	20785722	24061884	5598982	

leslie3d       
num 0	0	2061249	525118260	1582110	979142	  232	
num 0	1	    0	    0	    0	    0	    0	
num 0	2	    0	    0	    0	    0	    0	
num 0	3	    0	    0	    0	    0	    0	
num 0	4	    5	 1079	   88	   59	   54	
num 0	5	    0	    0	    0	    0	    0	
num 0	6	    2	  386	   58	   42	   26	
num 0	7	    0	    0	    0	    0	    0	
num 0	8	    0	    0	    0	    0	    0	
num 0	9	    0	    0	    0	    0	    0	
num 0	10	   18	 2753	  867	  540	  448	
num 0	11	   20	 2526	 1174	  779	  641	
num 0	12	 4702	640164	257196	158269	148083	
num 0	13	   35	 4303	 2141	 1223	 1293	
num 0	14	 4883	558778	314296	199326	177648	
num 0	15	17327	1742628	1234570	771125	687389	
num 0	16	18196571	1808262892	1284440453	848383584	717235247	
num 1	0	  431	103609	 3315	 2730	  682	
num 1	1	    0	    0	    0	    0	    0	
num 1	2	    0	    0	    0	    0	    0	
num 1	3	    0	    0	    0	    0	    0	
num 1	4	    0	    0	    0	    0	    0	
num 1	5	    0	    0	    0	    0	    0	
num 1	6	    0	    0	    0	    0	    0	
num 1	7	    0	    0	    0	    0	    0	
num 1	8	    0	    0	    0	    0	    0	
num 1	9	   10	 1471	  500	  326	  263	
num 1	10	   59	 7978	 3416	 2005	 1705	
num 1	11	 1619	220833	90890	51028	51713	
num 1	12	  149	18148	 9309	 5438	 5249	
num 1	13	 2389	274070	155540	93372	88602	
num 1	14	26917	2729989	1904883	1216262	1039618	
num 1	15	4082524	393784245	293581906	192787837	164972156	
num 2	0	 2473	577121	24867	24179	 6921	
num 2	1	    0	    0	    0	    0	    0	
num 2	2	    4	  857	   69	   61	   37	
num 2	3	    0	    0	    0	    0	    0	
num 2	4	    0	    0	    0	    0	    0	
num 2	5	    0	    0	    0	    0	    0	
num 2	6	    2	  344	   83	   45	   40	
num 2	7	    0	    0	    0	    0	    0	
num 2	8	   10	 1513	  469	  349	  229	
num 2	9	   53	 7000	 3061	 1934	 1573	
num 2	10	 2431	324113	136714	90379	71130	
num 2	11	  315	38823	19151	11796	10870	
num 2	12	 2914	322766	198292	120088	104838	
num 2	13	19059	1985165	1314949	843098	735892	
num 2	14	1829038	176128444	130996167	89034936	72074181	
num 3	0	  590	127657	11579	 9046	 2758	
num 3	1	    2	  426	   37	   34	   15	
num 3	2	    1	  188	   32	   30	    6	
num 3	3	    0	    0	    0	    0	    0	
num 3	4	    0	    0	    0	    0	    0	
num 3	5	    0	    0	    0	    0	    0	
num 3	6	    5	  759	  255	  146	  120	
num 3	7	   11	 1607	  559	  360	  290	
num 3	8	   41	 5430	 2390	 1381	 1295	
num 3	9	  760	101215	43747	25937	23661	
num 3	10	  428	51507	27099	16417	14545	
num 3	11	 3110	344518	210109	130978	110555	
num 3	12	39997	4041888	2857850	1896487	1443007	
num 3	13	556700	53504938	39824306	26940341	22245615	
num 4	0	22968	4893053	426148	437573	123034	
num 4	1	    0	    0	    0	    0	    0	
num 4	2	    3	  569	   91	   63	   45	
num 4	3	    1	  194	   28	   27	    7	
num 4	4	    1	  151	   51	   39	   15	
num 4	5	    1	  142	   56	   41	   17	
num 4	6	   78	11688	 3747	 2936	 1597	
num 4	7	    6	  710	  424	  236	  166	
num 4	8	  167	21918	 9742	 6102	 4990	
num 4	9	  492	57268	32659	19775	16250	
num 4	10	 3515	382589	242009	158699	116543	
num 4	11	22196	2284266	1562114	1032725	803071	
num 4	12	1162818	112157055	82616490	61053311	41854552	
num 5	0	 1749	354527	44242	38164	10811	
num 5	1	    4	  778	   99	  114	   33	
num 5	2	    2	  344	   75	   68	   25	
num 5	3	    3	  548	   97	   80	   43	
num 5	4	    8	 1054	  520	  318	  156	
num 5	5	   15	 2017	  891	  645	  287	
num 5	6	  188	25038	10948	 8104	 4038	
num 5	7	   35	 4338	 2243	 1364	 1015	
num 5	8	  317	36757	21295	13279	 9821	
num 5	9	 2336	254315	161810	103868	78023	
num 5	10	19714	1985150	1412187	975307	674140	
num 5	11	305548	29234496	21839035	15816066	11330691	
num 6	0	46189	8857967	1274177	1324793	367447	
num 6	1	    1	  178	   41	   31	    6	
num 6	2	   62	10699	 2252	 2122	  799	
num 6	3	    1	  165	   34	   46	   11	
num 6	4	   38	 5119	 2295	 1632	  682	
num 6	5	   80	 9908	 5261	 3566	 1745	
num 6	6	 2143	279877	119331	102616	46784	
num 6	7	  124	13354	 8963	 5594	 3833	
num 6	8	 1358	144722	96302	62666	43958	
num 6	9	 8966	915487	635936	437009	306864	
num 6	10	255072	23977803	18357561	14212020	8751048	
num 7	0	  327	53696	16157	 9330	 4529	
num 7	1	    2	  354	   69	   65	   24	
num 7	2	   13	 2044	  613	  554	  117	
num 7	3	   20	 2602	 1293	  964	  261	
num 7	4	  234	30722	14059	10462	 4661	
num 7	5	  292	36199	18012	13789	 6752	
num 7	6	  657	69992	47731	33179	17290	
num 7	7	  630	65067	46188	30093	19932	
num 7	8	 4593	467336	328314	230695	149463	
num 7	9	58598	5546247	4201451	3176402	2076988	
num 8	0	 1591	220780	103336	57695	25485	
num 8	1	    3	  491	  126	  112	   39	
num 8	2	  135	19897	 6649	 5811	 2203	
num 8	3	   83	10297	 5420	 3882	 1649	
num 8	4	 2028	262098	114192	103729	39149	
num 8	5	  365	37141	28527	18364	 9408	
num 8	6	 6988	760780	459010	390814	178324	
num 8	7	 1748	176744	126087	89667	54990	
num 8	8	23202	2230265	1646531	1309705	753211	
num 9	0	 8947	1221188	558591	376713	133940	
num 9	1	   15	 2111	  817	  788	  124	
num 9	2	  325	42537	19279	15741	 5643	
num 9	3	  234	28267	15391	10962	 5284	
num 9	4	  402	40455	31803	20545	10109	
num 9	5	 1055	108583	76861	57050	27586	
num 9	6	10386	982340	774316	626169	275991	
num 9	7	 4659	446066	334350	264221	148067	
num 10	0	61550	8852235	3164099	2881010	859456	
num 10	1	   16	 1816	 1219	  816	  245	
num 10	2	 4030	527040	216638	216313	71689	
num 10	3	  196	19821	15717	10188	 4450	
num 10	4	 1282	126586	98350	72766	30490	
num 10	5	 1904	181652	143898	111551	50323	
num 10	6	135663	12376028	9833410	8854869	3665421	
num 11	0	53565	6723371	3469475	2735285	784509	
num 11	1	  174	22281	 9874	 9850	 2539	
num 11	2	  100	10506	 7466	 5715	 1913	
num 11	3	  381	37890	29681	20774	 9191	
num 11	4	 6529	612353	488837	418085	152149	
num 11	5	10756	987330	780617	702801	282788	
num 12	0	341699	43993263	19381159	18727659	5372863	
num 12	1	   33	 3225	 2709	 2037	  477	
num 12	2	  305	31267	22448	18160	 6205	
num 12	3	  857	81340	65074	53180	19798	
num 12	4	71131	6458679	5149616	4869541	1731700	
num 13	0	103798	10898206	7819815	5957700	1896567	
num 13	1	  111	11376	 7906	 7930	 1204	
num 13	2	  932	88408	69321	61859	19004	
num 13	3	 4312	395438	312076	291658	104700	
num 14	0	470849	49415986	32622753	29778726	8719879	
num 14	1	  251	23969	18504	17970	 3813	
num 14	2	 9166	840596	649902	658921	197077	
num 15	0	1180757	110914217	87253426	82470322	21635827	
num 15	1	 2165	197431	151245	173647	31917	
num 16	0	11737359	1064390834	840044899	853442987	246885184	

omnetpp        
num 0	0	         	         	         	         	         	
num 0	1	         	         	         	         	         	
num 0	2	         	         	         	         	         	
num 0	3	         	         	         	         	         	
num 0	4	         	         	         	         	         	
num 0	5	         	         	         	         	         	
num 0	6	         	         	         	         	         	
num 0	7	         	         	         	         	         	
num 0	8	         	         	         	         	         	
num 0	9	         	         	         	         	         	
num 0	10	         	         	         	         	         	
num 0	11	         	         	         	         	         	
num 0	12	         	         	         	         	         	
num 0	13	         	         	         	         	         	
num 0	14	         	         	         	         	         	
num 0	15	         	         	         	         	         	
num 0	16	         	         	         	         	         	
num 1	0	         	         	         	         	         	
num 1	1	         	         	         	         	         	
num 1	2	         	         	         	         	         	
num 1	3	         	         	         	         	         	
num 1	4	         	         	         	         	         	
num 1	5	         	         	         	         	         	
num 1	6	         	         	         	         	         	
num 1	7	         	         	         	         	         	
num 1	8	         	         	         	         	         	
num 1	9	         	         	         	         	         	
num 1	10	         	         	         	         	         	
num 1	11	         	         	         	         	         	
num 1	12	         	         	         	         	         	
num 1	13	         	         	         	         	         	
num 1	14	         	         	         	         	         	
num 1	15	         	         	         	         	         	
num 2	0	         	         	         	         	         	
num 2	1	         	         	         	         	         	
num 2	2	         	         	         	         	         	
num 2	3	         	         	         	         	         	
num 2	4	         	         	         	         	         	
num 2	5	         	         	         	         	         	
num 2	6	         	         	         	         	         	
num 2	7	         	         	         	         	         	
num 2	8	         	         	         	         	         	
num 2	9	         	         	         	         	         	
num 2	10	         	         	         	         	         	
num 2	11	         	         	         	         	         	
num 2	12	         	         	         	         	         	
num 2	13	         	         	         	         	         	
num 2	14	         	         	         	         	         	
num 3	0	         	         	         	         	         	
num 3	1	         	         	         	         	         	
num 3	2	         	         	         	         	         	
num 3	3	         	         	         	         	         	
num 3	4	         	         	         	         	         	
num 3	5	         	         	         	         	         	
num 3	6	         	         	         	         	         	
num 3	7	         	         	         	         	         	
num 3	8	         	         	         	         	         	
num 3	9	         	         	         	         	         	
num 3	10	         	         	         	         	         	
num 3	11	         	         	         	         	         	
num 3	12	         	         	         	         	         	
num 3	13	         	         	         	         	         	
num 4	0	         	         	         	         	         	
num 4	1	         	         	         	         	         	
num 4	2	         	         	         	         	         	
num 4	3	         	         	         	         	         	
num 4	4	         	         	         	         	         	
num 4	5	         	         	         	         	         	
num 4	6	         	         	         	         	         	
num 4	7	         	         	         	         	         	
num 4	8	         	         	         	         	         	
num 4	9	         	         	         	         	         	
num 4	10	         	         	         	         	         	
num 4	11	         	         	         	         	         	
num 4	12	         	         	         	         	         	
num 5	0	         	         	         	         	         	
num 5	1	         	         	         	         	         	
num 5	2	         	         	         	         	         	
num 5	3	         	         	         	         	         	
num 5	4	         	         	         	         	         	
num 5	5	         	         	         	         	         	
num 5	6	         	         	         	         	         	
num 5	7	         	         	         	         	         	
num 5	8	         	         	         	         	         	
num 5	9	         	         	         	         	         	
num 5	10	         	         	         	         	         	
num 5	11	         	         	         	         	         	
num 6	0	         	         	         	         	         	
num 6	1	         	         	         	         	         	
num 6	2	         	         	         	         	         	
num 6	3	         	         	         	         	         	
num 6	4	         	         	         	         	         	
num 6	5	         	         	         	         	         	
num 6	6	         	         	         	         	         	
num 6	7	         	         	         	         	         	
num 6	8	         	         	         	         	         	
num 6	9	         	         	         	         	         	
num 6	10	         	         	         	         	         	
num 7	0	         	         	         	         	         	
num 7	1	         	         	         	         	         	
num 7	2	         	         	         	         	         	
num 7	3	         	         	         	         	         	
num 7	4	         	         	         	         	         	
num 7	5	         	         	         	         	         	
num 7	6	         	         	         	         	         	
num 7	7	         	         	         	         	         	
num 7	8	         	         	         	         	         	
num 7	9	         	         	         	         	         	
num 8	0	         	         	         	         	         	
num 8	1	         	         	         	         	         	
num 8	2	         	         	         	         	         	
num 8	3	         	         	         	         	         	
num 8	4	         	         	         	         	         	
num 8	5	         	         	         	         	         	
num 8	6	         	         	         	         	         	
num 8	7	         	         	         	         	         	
num 8	8	         	         	         	         	         	
num 9	0	         	         	         	         	         	
num 9	1	         	         	         	         	         	
num 9	2	         	         	         	         	         	
num 9	3	         	         	         	         	         	
num 9	4	         	         	         	         	         	
num 9	5	         	         	         	         	         	
num 9	6	         	         	         	         	         	
num 9	7	         	         	         	         	         	
num 10	0	         	         	         	         	         	
num 10	1	         	         	         	         	         	
num 10	2	         	         	         	         	         	
num 10	3	         	         	         	         	         	
num 10	4	         	         	         	         	         	
num 10	5	         	         	         	         	         	
num 10	6	         	         	         	         	         	
num 11	0	         	         	         	         	         	
num 11	1	         	         	         	         	         	
num 11	2	         	         	         	         	         	
num 11	3	         	         	         	         	         	
num 11	4	         	         	         	         	         	
num 11	5	         	         	         	         	         	
num 12	0	         	         	         	         	         	
num 12	1	         	         	         	         	         	
num 12	2	         	         	         	         	         	
num 12	3	         	         	         	         	         	
num 12	4	         	         	         	         	         	
num 13	0	         	         	         	         	         	
num 13	1	         	         	         	         	         	
num 13	2	         	         	         	         	         	
num 13	3	         	         	         	         	         	
num 14	0	         	         	         	         	         	
num 14	1	         	         	         	         	         	
num 14	2	         	         	         	         	         	
num 15	0	         	         	         	         	         	
num 15	1	         	         	         	         	         	
num 16	0	         	         	         	         	         	

cactusADM      
num 0	0	1496007	382963425	 7229	 5550	 1588	
num 0	1	    0	    0	    0	    0	    0	
num 0	2	  886	207984	 8696	 4947	 5189	
num 0	3	    0	    0	    0	    0	    0	
num 0	4	 1010	216018	19582	11298	11662	
num 0	5	    0	    0	    0	    0	    0	
num 0	6	 1903	366737	55108	31894	33429	
num 0	7	    0	    0	    0	    0	    0	
num 0	8	1264536	323464905	133272	91702	31337	
num 0	9	    8	 1918	   63	   41	   26	
num 0	10	  266	39946	12963	 7536	 7651	
num 0	11	    1	  226	   15	    9	    6	
num 0	12	  178	22950	10435	 5967	 6216	
num 0	13	    0	    0	    0	    0	    0	
num 0	14	  278	30055	18873	10995	11245	
num 0	15	  466	41411	36888	22515	18482	
num 0	16	1584859	132947703	126745583	75969015	70061603	
num 1	0	 1139	269029	12909	 7157	 2489	
num 1	1	   14	 3289	  139	   75	   81	
num 1	2	    9	 1923	  203	   99	   79	
num 1	3	   19	 4088	  349	  207	  220	
num 1	4	   24	 4602	  772	  410	  360	
num 1	5	  101	19545	 2878	 1653	 1780	
num 1	6	   15	 2689	  558	  352	  241	
num 1	7	 2386	580639	 8588	19188	 2401	
num 1	8	11567	2794822	80459	70711	15160	
num 1	9	   41	 8167	 1070	  667	  592	
num 1	10	   14	 2992	  314	  147	  131	
num 1	11	   33	 5703	 1250	  777	  718	
num 1	12	    7	 1407	  198	   96	   91	
num 1	13	   37	 4857	 2120	 1304	 1191	
num 1	14	  807	72193	64017	41021	29361	
num 1	15	208079	17459711	16608902	10272958	8926653	
num 2	0	95678	22344422	996309	867441	285396	
num 2	1	   30	 6131	  666	  728	  155	
num 2	2	 2032	431557	40469	32192	15974	
num 2	3	    5	  962	  158	  117	   43	
num 2	4	 2632	503911	78567	50660	40654	
num 2	5	    1	  172	   35	   32	   17	
num 2	6	 2645	497667	80291	58067	41095	
num 2	7	  341	77133	 4346	 5187	  630	
num 2	8	11358	2599028	145941	121138	41541	
num 2	9	   41	 9446	  516	  389	  145	
num 2	10	  513	68142	29178	18384	15624	
num 2	11	   23	 4763	  520	  378	  227	
num 2	12	  573	63729	38124	24354	20481	
num 2	13	  404	41042	28977	22752	10653	
num 2	14	92971	7675262	7501612	4877278	3746424	
num 3	0	 2752	585550	55064	54820	 9078	
num 3	1	   75	15350	 1724	 1628	  498	
num 3	2	   75	14152	 2408	 2009	  631	
num 3	3	   94	17750	 2917	 2043	 1354	
num 3	4	   17	 3062	  623	  451	  216	
num 3	5	  581	128330	 6329	11774	 2303	
num 3	6	  177	40359	 1718	 2807	  428	
num 3	7	  286	60570	 5325	 5461	 1860	
num 3	8	 9754	2233008	120267	117008	26741	
num 3	9	   86	14661	 3395	 2350	 1610	
num 3	10	   88	15130	 3311	 2982	 1105	
num 3	11	  162	23351	 8291	 6315	 3515	
num 3	12	 1125	104464	86768	60419	36349	
num 3	13	21257	1798758	1668903	1273610	700521	
num 4	0	98458	20786148	2013221	1946961	458918	
num 4	1	  113	21842	 3031	 3400	  655	
num 4	2	 3458	656230	103160	93535	32323	
num 4	3	   53	 9283	 1932	 1878	  475	
num 4	4	 2093	401505	55324	55441	23538	
num 4	5	  159	36382	  931	 3295	   96	
num 4	6	 1404	207706	70142	48234	33342	
num 4	7	   75	15830	 1434	 1600	  336	
num 4	8	 8912	1909553	169780	154513	47626	
num 4	9	  136	23034	 4992	 5275	 1515	
num 4	10	  877	99956	57083	40518	26955	
num 4	11	  757	76983	54282	42531	19996	
num 4	12	61483	5041719	4948714	3473722	2275493	
num 5	0	 6320	1260741	158713	165798	32668	
num 5	1	  152	28701	 4409	 4666	 1136	
num 5	2	   93	16294	 3357	 3245	  912	
num 5	3	  848	170737	14632	28603	 3116	
num 5	4	  368	75820	 5750	11289	 1349	
num 5	5	   93	13976	 4510	 3346	 1976	
num 5	6	  270	39002	12320	13795	 4003	
num 5	7	  395	64808	15051	16544	 4717	
num 5	8	 8090	1721408	154335	157540	37757	
num 5	9	  337	44563	18738	16155	 6816	
num 5	10	 2201	205855	168287	123268	66046	
num 5	11	22987	1951185	1783856	1481008	668623	
num 6	0	125174	23704738	3791255	3529853	1018698	
num 6	1	  215	39291	 6600	 7510	 1639	
num 6	2	 2310	420445	68144	83754	19017	
num 6	3	  526	102237	10461	19828	 2130	
num 6	4	 1358	213894	59096	50251	24407	
num 6	5	  387	59209	14973	20538	 4352	
num 6	6	 1457	189628	81419	69898	32047	
num 6	7	  542	88527	20811	23455	 5959	
num 6	8	17345	2831125	742085	665115	201995	
num 6	9	 1151	119025	80916	66109	28606	
num 6	10	80737	6633642	6427572	4872352	2735106	
num 7	0	 8325	1560555	228383	295705	46557	
num 7	1	  828	162721	13569	32365	 3313	
num 7	2	 1190	215662	29311	53006	 6661	
num 7	3	 2595	444394	76991	122810	20125	
num 7	4	 2219	336872	89673	118643	22876	
num 7	5	 1807	244718	92007	98615	27252	
num 7	6	 1358	166069	78489	80286	22804	
num 7	7	 2435	291997	150229	136295	44839	
num 7	8	106061	10502697	7628475	6898993	2121451	
num 7	9	23195	1963241	1791211	1544529	638939	
num 8	0	3135932	672873674	3619583	125422365	882970	
num 8	1	109136	21647149	1154843	4742050	394774	
num 8	2	107569	19437203	2253956	5289046	557459	
num 8	3	138111	22675552	4215330	7279499	1186035	
num 8	4	89202	13072110	3665396	5065760	1032446	
num 8	5	64265	8360663	3270737	3789946	1030494	
num 8	6	55732	6272430	3410908	3526109	1057945	
num 8	7	64893	6288341	4577826	4344670	1401771	
num 8	8	3100914	258992893	236331024	227561045	70949022	
num 9	0	16513	3145817	270544	747554	63413	
num 9	1	 1451	260843	31259	70661	 8693	
num 9	2	 3017	499410	90820	157694	24428	
num 9	3	 2714	414285	102856	149385	28258	
num 9	4	 2165	284767	108625	126005	34843	
num 9	5	 2089	239377	124622	131840	38945	
num 9	6	 9593	865095	729492	604654	256567	
num 9	7	100149	8494979	7662461	7171276	2309428	
num 10	0	82549	12532493	3719903	3846722	1033426	
num 10	1	  774	135445	17510	41167	 4022	
num 10	2	 1965	296313	81043	102371	23313	
num 10	3	  743	114739	26553	41689	 7227	
num 10	4	 2048	227296	132255	117437	47300	
num 10	5	 1487	152426	100419	93207	34620	
num 10	6	178387	14556724	14064613	11520031	5525704	
num 11	0	16931	2882355	451970	892450	107561	
num 11	1	  590	99898	14871	32332	 3939	
num 11	2	  716	105500	27981	42019	 7796	
num 11	3	  989	146132	38425	58286	10341	
num 11	4	 6056	549003	459993	374838	166502	
num 11	5	13814	1177384	1056774	916158	386068	
num 12	0	68192	8878905	3744440	3836992	996815	
num 12	1	  402	66830	10386	23086	 2610	
num 12	2	 2533	312801	140232	157228	38187	
num 12	3	 1646	228080	74031	95244	24021	
num 12	4	119922	9829620	9402369	7743225	3724818	
num 13	0	14258	2135076	530050	860117	124805	
num 13	1	  307	47220	 9567	19113	 2692	
num 13	2	 6584	594225	490210	471323	129746	
num 13	3	 8781	951107	536308	576243	184278	
num 14	0	89283	9595342	5844088	5871196	1545822	
num 14	1	  492	60728	24800	34082	 6342	
num 14	2	117767	9721058	8942341	8983205	2501748	
num 15	0	170984	15426314	12637730	12555868	3151992	
num 15	1	 2451	215916	175459	189009	47072	
num 16	0	2706167	219823837	206797342	210163318	55994255	

perlbench      
num 0	0	  380	89983	 4262	 2886	  149	
num 0	1	  114	26828	 1226	  771	  359	
num 0	2	  196	44859	 2656	 1666	  995	
num 0	3	  230	50113	 4335	 2558	 1874	
num 0	4	 2053	427593	50094	28867	19014	
num 0	5	 1835	387702	37539	26971	17548	
num 0	6	 1435	297957	31277	22065	16061	
num 0	7	  187	37141	 4982	 3096	 2653	
num 0	8	 1237	228011	37132	26275	25254	
num 0	9	    3	  614	   71	   39	   44	
num 0	10	    7	 1093	  367	  180	  152	
num 0	11	    2	  272	  131	   54	   55	
num 0	12	    5	  657	  336	  150	  137	
num 0	13	    3	  368	  207	   97	   96	
num 0	14	    5	  599	  349	  213	  119	
num 0	15	   12	 1152	  901	  638	  381	
num 0	16	 3241	299627	272783	141621	115665	
num 1	0	 1085	249316	15860	10963	 1621	
num 1	1	  720	159982	13204	 7901	 3233	
num 1	2	 1090	234619	22570	14372	 7479	
num 1	3	 3046	626193	78036	48681	26866	
num 1	4	 9858	1972635	277222	178007	95784	
num 1	5	 9060	1805680	237455	173583	102642	
num 1	6	 3035	581223	90730	62635	42372	
num 1	7	 1443	259675	48990	34581	26162	
num 1	8	   29	 5022	 1216	  633	  553	
num 1	9	   14	 2202	  712	  385	  285	
num 1	10	   14	 2019	  856	  419	  290	
num 1	11	   13	 1770	  778	  458	  322	
num 1	12	    9	 1015	  653	  349	  287	
num 1	13	   15	 1638	 1163	  564	  475	
num 1	14	   47	 4750	 3426	 2428	 1428	
num 1	15	 1825	160839	148583	88790	68988	
num 2	0	 2785	615092	52551	37955	 7362	
num 2	1	 2993	639995	65088	44462	16663	
num 2	2	 6407	1312134	166564	111558	49936	
num 2	3	12769	2527259	372618	250641	118346	
num 2	4	26579	5129440	813523	570837	290424	
num 2	5	14351	2699723	456992	330738	186403	
num 2	6	 9200	1632920	331686	230213	160381	
num 2	7	  915	151214	39094	25872	18060	
num 2	8	   32	 4825	 1703	  987	  677	
num 2	9	   28	 4087	 1575	  867	  639	
num 2	10	   31	 4248	 1958	  959	  771	
num 2	11	   17	 2103	 1166	  658	  425	
num 2	12	   27	 3076	 1943	 1113	  780	
num 2	13	   56	 5267	 4415	 2712	 1942	
num 2	14	 1514	136882	122019	73388	55295	
num 3	0	 5333	1135321	118567	91150	20210	
num 3	1	 8930	1829209	231936	166345	58590	
num 3	2	17260	3410054	503729	358924	145853	
num 3	3	29788	5694415	941230	682131	307952	
num 3	4	33391	6160083	1148169	827149	412695	
num 3	5	22252	3908405	842020	588895	357192	
num 3	6	 4205	695208	180475	120873	79924	
num 3	7	  279	42059	14430	 8850	 6085	
num 3	8	   72	 9977	 4401	 2452	 1602	
num 3	9	   68	 9037	 4347	 2367	 1657	
num 3	10	   37	 4516	 2556	 1422	  978	
num 3	11	   53	 5864	 3974	 2128	 1602	
num 3	12	  123	11908	 9493	 6097	 3990	
num 3	13	 1063	97511	85704	52473	36440	
num 4	0	10008	2041429	265919	208303	46397	
num 4	1	17467	3448251	510089	382957	130255	
num 4	2	30811	5859907	989940	744026	293743	
num 4	3	33682	6171506	1181581	881112	388393	
num 4	4	35882	6226232	1425874	1001234	532452	
num 4	5	11233	1848497	491690	336994	198467	
num 4	6	 1990	300838	101610	65948	41044	
num 4	7	  380	52510	22311	13673	 8786	
num 4	8	  136	17336	 8905	 5189	 3386	
num 4	9	   63	 7323	 4550	 2562	 1693	
num 4	10	  111	11855	 8465	 4834	 3262	
num 4	11	  155	15217	11946	 7874	 4643	
num 4	12	 1339	124122	108798	65955	43909	
num 5	0	13433	2652081	388360	323080	75327	
num 5	1	23832	4524700	770761	602190	203341	
num 5	2	30217	5511377	1073565	823920	326690	
num 5	3	29043	5020368	1165686	852996	395958	
num 5	4	15276	2496711	683759	485380	244806	
num 5	5	 4940	741295	256008	171733	95604	
num 5	6	 1690	231811	98668	64637	37524	
num 5	7	  662	83760	41861	27934	15917	
num 5	8	  234	27285	16226	10325	 6068	
num 5	9	  198	21117	14873	 8900	 5798	
num 5	10	  271	26832	20441	14041	 8062	
num 5	11	 1519	139231	123748	76289	49596	
num 6	0	13610	2574665	442996	376980	89519	
num 6	1	19986	3635957	718048	568255	194156	
num 6	2	24349	4184767	991842	747860	308875	
num 6	3	13872	2249147	632748	458561	210776	
num 6	4	 7771	1168687	400157	280077	140455	
num 6	5	 3908	532374	229808	152851	85415	
num 6	6	 2229	280831	141702	94520	53571	
num 6	7	  934	107595	64385	42776	24348	
num 6	8	  620	66085	45155	29515	17965	
num 6	9	  376	37897	27934	19986	10439	
num 6	10	 1973	180748	159905	102884	61551	
num 7	0	 8919	1611172	324538	276076	71478	
num 7	1	14324	2459565	584709	457749	164921	
num 7	2	10637	1722803	485575	364636	150058	
num 7	3	 7205	1072553	378298	269145	124484	
num 7	4	 5809	796000	338072	234044	118988	
num 7	5	 3777	473983	240460	165404	87065	
num 7	6	 2127	244891	146667	99162	53792	
num 7	7	 1526	163420	109736	77172	40328	
num 7	8	 1409	141337	103768	76608	38991	
num 7	9	 2309	208858	186156	123652	72438	
num 8	0	 6449	1092287	266125	238232	54300	
num 8	1	 5787	936429	264905	205777	74361	
num 8	2	 5179	770197	272055	198713	84859	
num 8	3	 5520	750055	324528	230787	107750	
num 8	4	 5174	654506	325133	230473	114432	
num 8	5	 3503	406651	237812	167712	84593	
num 8	6	 3026	327115	214303	155326	77912	
num 8	7	 2673	270819	194974	149213	69282	
num 8	8	11292	979008	907494	624068	380182	
num 9	0	 2097	333980	98356	80907	23589	
num 9	1	 2754	410767	143517	109393	41347	
num 9	2	 3524	483313	204030	150156	64645	
num 9	3	 4157	523167	264124	187948	88953	
num 9	4	 4003	464476	271287	195030	93975	
num 9	5	 3976	432822	279443	208314	97277	
num 9	6	 4403	461046	309488	250090	106544	
num 9	7	12657	1114230	1003667	736367	385928	
num 10	0	 1094	160532	58005	47165	14362	
num 10	1	 1722	235340	100275	75086	30131	
num 10	2	 2604	327233	165021	120909	53461	
num 10	3	 3132	365269	211373	154348	70802	
num 10	4	 4361	478955	303800	229441	104220	
num 10	5	 5922	631618	407708	341292	135414	
num 10	6	24398	2124386	1934657	1452222	734623	
num 11	0	  718	96842	42144	34305	10517	
num 11	1	 1269	159919	80300	59384	25261	
num 11	2	 1730	202958	116432	86486	37004	
num 11	3	 2859	317110	196925	153074	64795	
num 11	4	 5665	612856	383526	328194	125664	
num 11	5	26318	2299870	2065973	1602596	768969	
num 12	0	  581	72478	36317	31446	 8495	
num 12	1	  950	111923	63101	48587	19589	
num 12	2	 1792	202088	120854	97527	38283	
num 12	3	 3467	381946	231843	201003	72760	
num 12	4	23578	2057891	1849650	1443849	684578	
num 13	0	  421	49966	27469	23659	 6682	
num 13	1	  984	110832	65713	53855	21504	
num 13	2	 2252	250318	148841	130832	46521	
num 13	3	12571	1107141	976393	786114	348528	
num 14	0	  540	62715	34301	32821	 8403	
num 14	1	 1160	129584	75456	68468	23452	
num 14	2	 8297	725825	645658	519872	232677	
num 15	0	  677	77381	41287	45451	 9193	
num 15	1	 4471	386007	350308	278631	129630	
num 16	0	 2641	225455	203713	186548	60380	

soplex         
num 0	0	         	         	         	         	         	
num 0	1	         	         	         	         	         	
num 0	2	         	         	         	         	         	
num 0	3	         	         	         	         	         	
num 0	4	         	         	         	         	         	
num 0	5	         	         	         	         	         	
num 0	6	         	         	         	         	         	
num 0	7	         	         	         	         	         	
num 0	8	         	         	         	         	         	
num 0	9	         	         	         	         	         	
num 0	10	         	         	         	         	         	
num 0	11	         	         	         	         	         	
num 0	12	         	         	         	         	         	
num 0	13	         	         	         	         	         	
num 0	14	         	         	         	         	         	
num 0	15	         	         	         	         	         	
num 0	16	         	         	         	         	         	
num 1	0	         	         	         	         	         	
num 1	1	         	         	         	         	         	
num 1	2	         	         	         	         	         	
num 1	3	         	         	         	         	         	
num 1	4	         	         	         	         	         	
num 1	5	         	         	         	         	         	
num 1	6	         	         	         	         	         	
num 1	7	         	         	         	         	         	
num 1	8	         	         	         	         	         	
num 1	9	         	         	         	         	         	
num 1	10	         	         	         	         	         	
num 1	11	         	         	         	         	         	
num 1	12	         	         	         	         	         	
num 1	13	         	         	         	         	         	
num 1	14	         	         	         	         	         	
num 1	15	         	         	         	         	         	
num 2	0	         	         	         	         	         	
num 2	1	         	         	         	         	         	
num 2	2	         	         	         	         	         	
num 2	3	         	         	         	         	         	
num 2	4	         	         	         	         	         	
num 2	5	         	         	         	         	         	
num 2	6	         	         	         	         	         	
num 2	7	         	         	         	         	         	
num 2	8	         	         	         	         	         	
num 2	9	         	         	         	         	         	
num 2	10	         	         	         	         	         	
num 2	11	         	         	         	         	         	
num 2	12	         	         	         	         	         	
num 2	13	         	         	         	         	         	
num 2	14	         	         	         	         	         	
num 3	0	         	         	         	         	         	
num 3	1	         	         	         	         	         	
num 3	2	         	         	         	         	         	
num 3	3	         	         	         	         	         	
num 3	4	         	         	         	         	         	
num 3	5	         	         	         	         	         	
num 3	6	         	         	         	         	         	
num 3	7	         	         	         	         	         	
num 3	8	         	         	         	         	         	
num 3	9	         	         	         	         	         	
num 3	10	         	         	         	         	         	
num 3	11	         	         	         	         	         	
num 3	12	         	         	         	         	         	
num 3	13	         	         	         	         	         	
num 4	0	         	         	         	         	         	
num 4	1	         	         	         	         	         	
num 4	2	         	         	         	         	         	
num 4	3	         	         	         	         	         	
num 4	4	         	         	         	         	         	
num 4	5	         	         	         	         	         	
num 4	6	         	         	         	         	         	
num 4	7	         	         	         	         	         	
num 4	8	         	         	         	         	         	
num 4	9	         	         	         	         	         	
num 4	10	         	         	         	         	         	
num 4	11	         	         	         	         	         	
num 4	12	         	         	         	         	         	
num 5	0	         	         	         	         	         	
num 5	1	         	         	         	         	         	
num 5	2	         	         	         	         	         	
num 5	3	         	         	         	         	         	
num 5	4	         	         	         	         	         	
num 5	5	         	         	         	         	         	
num 5	6	         	         	         	         	         	
num 5	7	         	         	         	         	         	
num 5	8	         	         	         	         	         	
num 5	9	         	         	         	         	         	
num 5	10	         	         	         	         	         	
num 5	11	         	         	         	         	         	
num 6	0	         	         	         	         	         	
num 6	1	         	         	         	         	         	
num 6	2	         	         	         	         	         	
num 6	3	         	         	         	         	         	
num 6	4	         	         	         	         	         	
num 6	5	         	         	         	         	         	
num 6	6	         	         	         	         	         	
num 6	7	         	         	         	         	         	
num 6	8	         	         	         	         	         	
num 6	9	         	         	         	         	         	
num 6	10	         	         	         	         	         	
num 7	0	         	         	         	         	         	
num 7	1	         	         	         	         	         	
num 7	2	         	         	         	         	         	
num 7	3	         	         	         	         	         	
num 7	4	         	         	         	         	         	
num 7	5	         	         	         	         	         	
num 7	6	         	         	         	         	         	
num 7	7	         	         	         	         	         	
num 7	8	         	         	         	         	         	
num 7	9	         	         	         	         	         	
num 8	0	         	         	         	         	         	
num 8	1	         	         	         	         	         	
num 8	2	         	         	         	         	         	
num 8	3	         	         	         	         	         	
num 8	4	         	         	         	         	         	
num 8	5	         	         	         	         	         	
num 8	6	         	         	         	         	         	
num 8	7	         	         	         	         	         	
num 8	8	         	         	         	         	         	
num 9	0	         	         	         	         	         	
num 9	1	         	         	         	         	         	
num 9	2	         	         	         	         	         	
num 9	3	         	         	         	         	         	
num 9	4	         	         	         	         	         	
num 9	5	         	         	         	         	         	
num 9	6	         	         	         	         	         	
num 9	7	         	         	         	         	         	
num 10	0	         	         	         	         	         	
num 10	1	         	         	         	         	         	
num 10	2	         	         	         	         	         	
num 10	3	         	         	         	         	         	
num 10	4	         	         	         	         	         	
num 10	5	         	         	         	         	         	
num 10	6	         	         	         	         	         	
num 11	0	         	         	         	         	         	
num 11	1	         	         	         	         	         	
num 11	2	         	         	         	         	         	
num 11	3	         	         	         	         	         	
num 11	4	         	         	         	         	         	
num 11	5	         	         	         	         	         	
num 12	0	         	         	         	         	         	
num 12	1	         	         	         	         	         	
num 12	2	         	         	         	         	         	
num 12	3	         	         	         	         	         	
num 12	4	         	         	         	         	         	
num 13	0	         	         	         	         	         	
num 13	1	         	         	         	         	         	
num 13	2	         	         	         	         	         	
num 13	3	         	         	         	         	         	
num 14	0	         	         	         	         	         	
num 14	1	         	         	         	         	         	
num 14	2	         	         	         	         	         	
num 15	0	         	         	         	         	         	
num 15	1	         	         	         	         	         	
num 16	0	         	         	         	         	         	

lbm            
num 0	0	         	         	         	         	         	
num 0	1	         	         	         	         	         	
num 0	2	         	         	         	         	         	
num 0	3	         	         	         	         	         	
num 0	4	         	         	         	         	         	
num 0	5	         	         	         	         	         	
num 0	6	         	         	         	         	         	
num 0	7	         	         	         	         	         	
num 0	8	         	         	         	         	         	
num 0	9	         	         	         	         	         	
num 0	10	         	         	         	         	         	
num 0	11	         	         	         	         	         	
num 0	12	         	         	         	         	         	
num 0	13	         	         	         	         	         	
num 0	14	         	         	         	         	         	
num 0	15	         	         	         	         	         	
num 0	16	         	         	         	         	         	
num 1	0	         	         	         	         	         	
num 1	1	         	         	         	         	         	
num 1	2	         	         	         	         	         	
num 1	3	         	         	         	         	         	
num 1	4	         	         	         	         	         	
num 1	5	         	         	         	         	         	
num 1	6	         	         	         	         	         	
num 1	7	         	         	         	         	         	
num 1	8	         	         	         	         	         	
num 1	9	         	         	         	         	         	
num 1	10	         	         	         	         	         	
num 1	11	         	         	         	         	         	
num 1	12	         	         	         	         	         	
num 1	13	         	         	         	         	         	
num 1	14	         	         	         	         	         	
num 1	15	         	         	         	         	         	
num 2	0	         	         	         	         	         	
num 2	1	         	         	         	         	         	
num 2	2	         	         	         	         	         	
num 2	3	         	         	         	         	         	
num 2	4	         	         	         	         	         	
num 2	5	         	         	         	         	         	
num 2	6	         	         	         	         	         	
num 2	7	         	         	         	         	         	
num 2	8	         	         	         	         	         	
num 2	9	         	         	         	         	         	
num 2	10	         	         	         	         	         	
num 2	11	         	         	         	         	         	
num 2	12	         	         	         	         	         	
num 2	13	         	         	         	         	         	
num 2	14	         	         	         	         	         	
num 3	0	         	         	         	         	         	
num 3	1	         	         	         	         	         	
num 3	2	         	         	         	         	         	
num 3	3	         	         	         	         	         	
num 3	4	         	         	         	         	         	
num 3	5	         	         	         	         	         	
num 3	6	         	         	         	         	         	
num 3	7	         	         	         	         	         	
num 3	8	         	         	         	         	         	
num 3	9	         	         	         	         	         	
num 3	10	         	         	         	         	         	
num 3	11	         	         	         	         	         	
num 3	12	         	         	         	         	         	
num 3	13	         	         	         	         	         	
num 4	0	         	         	         	         	         	
num 4	1	         	         	         	         	         	
num 4	2	         	         	         	         	         	
num 4	3	         	         	         	         	         	
num 4	4	         	         	         	         	         	
num 4	5	         	         	         	         	         	
num 4	6	         	         	         	         	         	
num 4	7	         	         	         	         	         	
num 4	8	         	         	         	         	         	
num 4	9	         	         	         	         	         	
num 4	10	         	         	         	         	         	
num 4	11	         	         	         	         	         	
num 4	12	         	         	         	         	         	
num 5	0	         	         	         	         	         	
num 5	1	         	         	         	         	         	
num 5	2	         	         	         	         	         	
num 5	3	         	         	         	         	         	
num 5	4	         	         	         	         	         	
num 5	5	         	         	         	         	         	
num 5	6	         	         	         	         	         	
num 5	7	         	         	         	         	         	
num 5	8	         	         	         	         	         	
num 5	9	         	         	         	         	         	
num 5	10	         	         	         	         	         	
num 5	11	         	         	         	         	         	
num 6	0	         	         	         	         	         	
num 6	1	         	         	         	         	         	
num 6	2	         	         	         	         	         	
num 6	3	         	         	         	         	         	
num 6	4	         	         	         	         	         	
num 6	5	         	         	         	         	         	
num 6	6	         	         	         	         	         	
num 6	7	         	         	         	         	         	
num 6	8	         	         	         	         	         	
num 6	9	         	         	         	         	         	
num 6	10	         	         	         	         	         	
num 7	0	         	         	         	         	         	
num 7	1	         	         	         	         	         	
num 7	2	         	         	         	         	         	
num 7	3	         	         	         	         	         	
num 7	4	         	         	         	         	         	
num 7	5	         	         	         	         	         	
num 7	6	         	         	         	         	         	
num 7	7	         	         	         	         	         	
num 7	8	         	         	         	         	         	
num 7	9	         	         	         	         	         	
num 8	0	         	         	         	         	         	
num 8	1	         	         	         	         	         	
num 8	2	         	         	         	         	         	
num 8	3	         	         	         	         	         	
num 8	4	         	         	         	         	         	
num 8	5	         	         	         	         	         	
num 8	6	         	         	         	         	         	
num 8	7	         	         	         	         	         	
num 8	8	         	         	         	         	         	
num 9	0	         	         	         	         	         	
num 9	1	         	         	         	         	         	
num 9	2	         	         	         	         	         	
num 9	3	         	         	         	         	         	
num 9	4	         	         	         	         	         	
num 9	5	         	         	         	         	         	
num 9	6	         	         	         	         	         	
num 9	7	         	         	         	         	         	
num 10	0	         	         	         	         	         	
num 10	1	         	         	         	         	         	
num 10	2	         	         	         	         	         	
num 10	3	         	         	         	         	         	
num 10	4	         	         	         	         	         	
num 10	5	         	         	         	         	         	
num 10	6	         	         	         	         	         	
num 11	0	         	         	         	         	         	
num 11	1	         	         	         	         	         	
num 11	2	         	         	         	         	         	
num 11	3	         	         	         	         	         	
num 11	4	         	         	         	         	         	
num 11	5	         	         	         	         	         	
num 12	0	         	         	         	         	         	
num 12	1	         	         	         	         	         	
num 12	2	         	         	         	         	         	
num 12	3	         	         	         	         	         	
num 12	4	         	         	         	         	         	
num 13	0	         	         	         	         	         	
num 13	1	         	         	         	         	         	
num 13	2	         	         	         	         	         	
num 13	3	         	         	         	         	         	
num 14	0	         	         	         	         	         	
num 14	1	         	         	         	         	         	
num 14	2	         	         	         	         	         	
num 15	0	         	         	         	         	         	
num 15	1	         	         	         	         	         	
num 16	0	         	         	         	         	         	

mcf            
num 0	0	         	         	         	         	         	
num 0	1	         	         	         	         	         	
num 0	2	         	         	         	         	         	
num 0	3	         	         	         	         	         	
num 0	4	         	         	         	         	         	
num 0	5	         	         	         	         	         	
num 0	6	         	         	         	         	         	
num 0	7	         	         	         	         	         	
num 0	8	         	         	         	         	         	
num 0	9	         	         	         	         	         	
num 0	10	         	         	         	         	         	
num 0	11	         	         	         	         	         	
num 0	12	         	         	         	         	         	
num 0	13	         	         	         	         	         	
num 0	14	         	         	         	         	         	
num 0	15	         	         	         	         	         	
num 0	16	         	         	         	         	         	
num 1	0	         	         	         	         	         	
num 1	1	         	         	         	         	         	
num 1	2	         	         	         	         	         	
num 1	3	         	         	         	         	         	
num 1	4	         	         	         	         	         	
num 1	5	         	         	         	         	         	
num 1	6	         	         	         	         	         	
num 1	7	         	         	         	         	         	
num 1	8	         	         	         	         	         	
num 1	9	         	         	         	         	         	
num 1	10	         	         	         	         	         	
num 1	11	         	         	         	         	         	
num 1	12	         	         	         	         	         	
num 1	13	         	         	         	         	         	
num 1	14	         	         	         	         	         	
num 1	15	         	         	         	         	         	
num 2	0	         	         	         	         	         	
num 2	1	         	         	         	         	         	
num 2	2	         	         	         	         	         	
num 2	3	         	         	         	         	         	
num 2	4	         	         	         	         	         	
num 2	5	         	         	         	         	         	
num 2	6	         	         	         	         	         	
num 2	7	         	         	         	         	         	
num 2	8	         	         	         	         	         	
num 2	9	         	         	         	         	         	
num 2	10	         	         	         	         	         	
num 2	11	         	         	         	         	         	
num 2	12	         	         	         	         	         	
num 2	13	         	         	         	         	         	
num 2	14	         	         	         	         	         	
num 3	0	         	         	         	         	         	
num 3	1	         	         	         	         	         	
num 3	2	         	         	         	         	         	
num 3	3	         	         	         	         	         	
num 3	4	         	         	         	         	         	
num 3	5	         	         	         	         	         	
num 3	6	         	         	         	         	         	
num 3	7	         	         	         	         	         	
num 3	8	         	         	         	         	         	
num 3	9	         	         	         	         	         	
num 3	10	         	         	         	         	         	
num 3	11	         	         	         	         	         	
num 3	12	         	         	         	         	         	
num 3	13	         	         	         	         	         	
num 4	0	         	         	         	         	         	
num 4	1	         	         	         	         	         	
num 4	2	         	         	         	         	         	
num 4	3	         	         	         	         	         	
num 4	4	         	         	         	         	         	
num 4	5	         	         	         	         	         	
num 4	6	         	         	         	         	         	
num 4	7	         	         	         	         	         	
num 4	8	         	         	         	         	         	
num 4	9	         	         	         	         	         	
num 4	10	         	         	         	         	         	
num 4	11	         	         	         	         	         	
num 4	12	         	         	         	         	         	
num 5	0	         	         	         	         	         	
num 5	1	         	         	         	         	         	
num 5	2	         	         	         	         	         	
num 5	3	         	         	         	         	         	
num 5	4	         	         	         	         	         	
num 5	5	         	         	         	         	         	
num 5	6	         	         	         	         	         	
num 5	7	         	         	         	         	         	
num 5	8	         	         	         	         	         	
num 5	9	         	         	         	         	         	
num 5	10	         	         	         	         	         	
num 5	11	         	         	         	         	         	
num 6	0	         	         	         	         	         	
num 6	1	         	         	         	         	         	
num 6	2	         	         	         	         	         	
num 6	3	         	         	         	         	         	
num 6	4	         	         	         	         	         	
num 6	5	         	         	         	         	         	
num 6	6	         	         	         	         	         	
num 6	7	         	         	         	         	         	
num 6	8	         	         	         	         	         	
num 6	9	         	         	         	         	         	
num 6	10	         	         	         	         	         	
num 7	0	         	         	         	         	         	
num 7	1	         	         	         	         	         	
num 7	2	         	         	         	         	         	
num 7	3	         	         	         	         	         	
num 7	4	         	         	         	         	         	
num 7	5	         	         	         	         	         	
num 7	6	         	         	         	         	         	
num 7	7	         	         	         	         	         	
num 7	8	         	         	         	         	         	
num 7	9	         	         	         	         	         	
num 8	0	         	         	         	         	         	
num 8	1	         	         	         	         	         	
num 8	2	         	         	         	         	         	
num 8	3	         	         	         	         	         	
num 8	4	         	         	         	         	         	
num 8	5	         	         	         	         	         	
num 8	6	         	         	         	         	         	
num 8	7	         	         	         	         	         	
num 8	8	         	         	         	         	         	
num 9	0	         	         	         	         	         	
num 9	1	         	         	         	         	         	
num 9	2	         	         	         	         	         	
num 9	3	         	         	         	         	         	
num 9	4	         	         	         	         	         	
num 9	5	         	         	         	         	         	
num 9	6	         	         	         	         	         	
num 9	7	         	         	         	         	         	
num 10	0	         	         	         	         	         	
num 10	1	         	         	         	         	         	
num 10	2	         	         	         	         	         	
num 10	3	         	         	         	         	         	
num 10	4	         	         	         	         	         	
num 10	5	         	         	         	         	         	
num 10	6	         	         	         	         	         	
num 11	0	         	         	         	         	         	
num 11	1	         	         	         	         	         	
num 11	2	         	         	         	         	         	
num 11	3	         	         	         	         	         	
num 11	4	         	         	         	         	         	
num 11	5	         	         	         	         	         	
num 12	0	         	         	         	         	         	
num 12	1	         	         	         	         	         	
num 12	2	         	         	         	         	         	
num 12	3	         	         	         	         	         	
num 12	4	         	         	         	         	         	
num 13	0	         	         	         	         	         	
num 13	1	         	         	         	         	         	
num 13	2	         	         	         	         	         	
num 13	3	         	         	         	         	         	
num 14	0	         	         	         	         	         	
num 14	1	         	         	         	         	         	
num 14	2	         	         	         	         	         	
num 15	0	         	         	         	         	         	
num 15	1	         	         	         	         	         	
num 16	0	         	         	         	         	         	

sjeng          
num 0	0	         	         	         	         	         	
num 0	1	         	         	         	         	         	
num 0	2	         	         	         	         	         	
num 0	3	         	         	         	         	         	
num 0	4	         	         	         	         	         	
num 0	5	         	         	         	         	         	
num 0	6	         	         	         	         	         	
num 0	7	         	         	         	         	         	
num 0	8	         	         	         	         	         	
num 0	9	         	         	         	         	         	
num 0	10	         	         	         	         	         	
num 0	11	         	         	         	         	         	
num 0	12	         	         	         	         	         	
num 0	13	         	         	         	         	         	
num 0	14	         	         	         	         	         	
num 0	15	         	         	         	         	         	
num 0	16	         	         	         	         	         	
num 1	0	         	         	         	         	         	
num 1	1	         	         	         	         	         	
num 1	2	         	         	         	         	         	
num 1	3	         	         	         	         	         	
num 1	4	         	         	         	         	         	
num 1	5	         	         	         	         	         	
num 1	6	         	         	         	         	         	
num 1	7	         	         	         	         	         	
num 1	8	         	         	         	         	         	
num 1	9	         	         	         	         	         	
num 1	10	         	         	         	         	         	
num 1	11	         	         	         	         	         	
num 1	12	         	         	         	         	         	
num 1	13	         	         	         	         	         	
num 1	14	         	         	         	         	         	
num 1	15	         	         	         	         	         	
num 2	0	         	         	         	         	         	
num 2	1	         	         	         	         	         	
num 2	2	         	         	         	         	         	
num 2	3	         	         	         	         	         	
num 2	4	         	         	         	         	         	
num 2	5	         	         	         	         	         	
num 2	6	         	         	         	         	         	
num 2	7	         	         	         	         	         	
num 2	8	         	         	         	         	         	
num 2	9	         	         	         	         	         	
num 2	10	         	         	         	         	         	
num 2	11	         	         	         	         	         	
num 2	12	         	         	         	         	         	
num 2	13	         	         	         	         	         	
num 2	14	         	         	         	         	         	
num 3	0	         	         	         	         	         	
num 3	1	         	         	         	         	         	
num 3	2	         	         	         	         	         	
num 3	3	         	         	         	         	         	
num 3	4	         	         	         	         	         	
num 3	5	         	         	         	         	         	
num 3	6	         	         	         	         	         	
num 3	7	         	         	         	         	         	
num 3	8	         	         	         	         	         	
num 3	9	         	         	         	         	         	
num 3	10	         	         	         	         	         	
num 3	11	         	         	         	         	         	
num 3	12	         	         	         	         	         	
num 3	13	         	         	         	         	         	
num 4	0	         	         	         	         	         	
num 4	1	         	         	         	         	         	
num 4	2	         	         	         	         	         	
num 4	3	         	         	         	         	         	
num 4	4	         	         	         	         	         	
num 4	5	         	         	         	         	         	
num 4	6	         	         	         	         	         	
num 4	7	         	         	         	         	         	
num 4	8	         	         	         	         	         	
num 4	9	         	         	         	         	         	
num 4	10	         	         	         	         	         	
num 4	11	         	         	         	         	         	
num 4	12	         	         	         	         	         	
num 5	0	         	         	         	         	         	
num 5	1	         	         	         	         	         	
num 5	2	         	         	         	         	         	
num 5	3	         	         	         	         	         	
num 5	4	         	         	         	         	         	
num 5	5	         	         	         	         	         	
num 5	6	         	         	         	         	         	
num 5	7	         	         	         	         	         	
num 5	8	         	         	         	         	         	
num 5	9	         	         	         	         	         	
num 5	10	         	         	         	         	         	
num 5	11	         	         	         	         	         	
num 6	0	         	         	         	         	         	
num 6	1	         	         	         	         	         	
num 6	2	         	         	         	         	         	
num 6	3	         	         	         	         	         	
num 6	4	         	         	         	         	         	
num 6	5	         	         	         	         	         	
num 6	6	         	         	         	         	         	
num 6	7	         	         	         	         	         	
num 6	8	         	         	         	         	         	
num 6	9	         	         	         	         	         	
num 6	10	         	         	         	         	         	
num 7	0	         	         	         	         	         	
num 7	1	         	         	         	         	         	
num 7	2	         	         	         	         	         	
num 7	3	         	         	         	         	         	
num 7	4	         	         	         	         	         	
num 7	5	         	         	         	         	         	
num 7	6	         	         	         	         	         	
num 7	7	         	         	         	         	         	
num 7	8	         	         	         	         	         	
num 7	9	         	         	         	         	         	
num 8	0	         	         	         	         	         	
num 8	1	         	         	         	         	         	
num 8	2	         	         	         	         	         	
num 8	3	         	         	         	         	         	
num 8	4	         	         	         	         	         	
num 8	5	         	         	         	         	         	
num 8	6	         	         	         	         	         	
num 8	7	         	         	         	         	         	
num 8	8	         	         	         	         	         	
num 9	0	         	         	         	         	         	
num 9	1	         	         	         	         	         	
num 9	2	         	         	         	         	         	
num 9	3	         	         	         	         	         	
num 9	4	         	         	         	         	         	
num 9	5	         	         	         	         	         	
num 9	6	         	         	         	         	         	
num 9	7	         	         	         	         	         	
num 10	0	         	         	         	         	         	
num 10	1	         	         	         	         	         	
num 10	2	         	         	         	         	         	
num 10	3	         	         	         	         	         	
num 10	4	         	         	         	         	         	
num 10	5	         	         	         	         	         	
num 10	6	         	         	         	         	         	
num 11	0	         	         	         	         	         	
num 11	1	         	         	         	         	         	
num 11	2	         	         	         	         	         	
num 11	3	         	         	         	         	         	
num 11	4	         	         	         	         	         	
num 11	5	         	         	         	         	         	
num 12	0	         	         	         	         	         	
num 12	1	         	         	         	         	         	
num 12	2	         	         	         	         	         	
num 12	3	         	         	         	         	         	
num 12	4	         	         	         	         	         	
num 13	0	         	         	         	         	         	
num 13	1	         	         	         	         	         	
num 13	2	         	         	         	         	         	
num 13	3	         	         	         	         	         	
num 14	0	         	         	         	         	         	
num 14	1	         	         	         	         	         	
num 14	2	         	         	         	         	         	
num 15	0	         	         	         	         	         	
num 15	1	         	         	         	         	         	
num 16	0	         	         	         	         	         	

