                                       mlc                                        lru
bwaves         	
options_8      	    0	9962495	3628970	2676839	1647600	0.987002	
options_9      	    0	9962495	3628970	2676839	1647600	0.987002	
options_12     	    0	9981581	2875498	2815549	2243276	0.987002	
options_10     	    0	9076753	2761542	3692643	2384966	0.987002	
two_step	         	16343064	2964366	7247426	324760	0.987002	
soplex         	
options_8      	15551625	4359890957	542636652	585866411	153021404	0.599613	
options_9      	15336535	4120113734	609158213	692294141	164769912	0.592641	
options_12     	15336535	4112485100	506001689	712340172	255509039	0.592641	
options_10     	15336535	3719518894	493418733	1108161870	265236503	0.592641	
two_step	         	8345827379	551074118	1823438092	39747835	0.592641	
zeusmp         	
options_8      	4372109	1120304933	44027437	99490679	14803767	0.912325	
options_9      	4260227	1000636986	68998567	161257840	19092143	0.898809	
options_12     	4260227	1001267980	51736094	164719400	32262062	0.898809	
options_10     	4260227	972262157	44479043	196578392	36665944	0.898809	
two_step	         	1940117663	84353533	297802985	31425403	0.898809	
GemsFDTD       	
options_8      	17627297	2438240207	966819834	639723472	519873127	0.878309	
options_9      	16332414	2019243796	996415013	728625060	488882723	0.836837	
options_12     	16332414	2020570610	790983092	811900981	609711909	0.836837	
options_10     	16332414	1848446066	774665292	928902248	681152986	0.836837	
two_step	         	5990087188	1353474764	2263476986	159159334	0.836837	
gobmk          	
options_8      	233730	156369374	13640726	11123768	4270804	0.203903	
options_9      	223380	151762594	14420121	12206996	4356145	0.197154	
options_12     	223380	151783451	11820553	12918874	6222978	0.197154	
options_10     	223380	149915711	11870505	14598685	6360955	0.197154	
two_step	         	385840980	13944626	30558314	1090448	0.197154	
bzip2          	
options_8      	760203	469491222	135737231	110204486	52836117	0.108953	
options_9      	675700	451883654	133139146	109585686	52026778	0.097832	
options_12     	675700	448181968	108799662	115958610	73695024	0.097832	
options_10     	675700	441068784	111999982	118404476	75162022	0.097832	
two_step	         	1436146382	125101113	227940776	11329361	0.097832	
h264ref        	
options_8      	27574	146805720	22807919	16206047	8831450	0.056748	
options_9      	14267	144316544	22302182	15897808	8681674	0.048586	
options_12     	14267	141457160	18772766	15929589	15038693	0.048586	
options_10     	14267	141058490	18775908	16323852	15039958	0.048586	
two_step	         	459701549	22695197	32272147	2454691	0.048586	
lbm            	
options_8      	34015478	8054576603	3499345840	2315613321	2179011052	0.893495	
options_9      	35680732	7847585221	3762161396	2543937682	2321184437	0.937151	
options_12     	35680732	7845381186	3112694740	2808683208	2708109602	0.937151	
options_10     	35680732	7179657582	3115597400	3221039586	2958574168	0.937151	
two_step	         	13884400554	4260055486	6069959188	497891332	0.937151	
leslie3d       	
options_8      	8487104	1363938928	654672296	471297817	325801423	0.795133	
options_9      	8486540	1232488320	704603820	552646927	325827269	0.795309	
options_12     	8486540	1233386003	561956364	600331825	419892144	0.795309	
options_10     	8486540	1019460440	565792909	773487545	456825442	0.795309	
two_step	         	2338366481	709491417	1417656652	82694346	0.795309	
mcf            	
options_8      	68150032	15175833384	971146262	745885035	573868631	0.478972	
options_9      	73013272	15918706698	1186932314	969055487	637027997	0.513125	
options_12     	73013272	15876812832	1013157448	999781725	821970491	0.513125	
options_10     	73013272	15567264600	1014471884	1299331271	830654741	0.513125	
two_step	         	25595443003	1271946324	2335407058	125780767	0.513125	
omnetpp        	
options_8      	15082544	3387236281	648310689	471574047	212418183	0.678091	
options_9      	13878338	3087783244	642257577	475988396	204602463	0.629531	
options_12     	13878338	3089389440	515919898	512148812	293173530	0.629531	
options_10     	13878338	2959885029	518026439	631254827	301465385	0.629531	
two_step	         	7853149826	548387675	1180246920	35738267	0.629531	
perlbench      	
options_8      	103247	42069375	9749117	5709678	3777942	0.259641	
options_9      	106502	41126851	10531389	6475149	3990643	0.265073	
options_12     	106478	41108294	8685064	6945766	5401804	0.264531	
options_10     	106478	40114815	9153005	7664308	5208800	0.264531	
two_step	         	107557425	8828771	16063368	668260	0.265073	
cactusADM      	
options_8      	3176245	744081348	159192722	151902110	70212108	0.814400	
options_9      	3213026	657837549	198862569	205751604	72340726	0.823570	
options_12     	3213026	661532685	159302717	218715008	95242038	0.823570	
options_10     	3213026	623347191	155083213	253923228	102438816	0.823570	
two_step	         	1206301470	166969811	437728952	15027671	0.823570	
hmmer          	
options_8      	76063	450042055	95113050	78130730	56645301	0.052007	
options_9      	89116	451669287	95812763	78811189	56976649	0.056795	
options_12     	89116	441508725	83755765	78754607	79250791	0.056795	
options_10     	89116	431340586	83562228	88881166	79485908	0.056795	
two_step	         	744250884	117072974	166205418	11928004	0.056795	
sphinx3        	
options_8      	2116275	423544801	157391062	113181125	82856068	0.165603	
options_9      	2116686	399994264	168573596	127576728	80932660	0.165696	
options_12     	2116686	399730213	136206534	138390581	102749920	0.165696	
options_10     	2116686	349153949	137436364	177374725	113112210	0.165696	
two_step	         	938726304	176826406	322603573	19680901	0.165696	
tonto          	
options_8      	26335	121258904	68424143	48783880	36966289	0.029649	
options_9      	26217	121160079	68444390	48828167	36971396	0.029614	
options_12     	26217	120529345	55022933	53920882	45930872	0.029614	
options_10     	26217	107994786	54854014	62161453	50393779	0.029614	
two_step	         	701945578	86028691	140135253	10196398	0.029614	
gamess         	
options_8      	    0	623725	307383	194108	161952	0.594118	
options_9      	    0	623725	307383	194108	161952	0.594118	
options_12     	    0	623800	243240	196225	223903	0.594118	
options_10     	    0	542934	234022	275536	234676	0.594118	
two_step	         	1187089	284315	685604	32176	0.594118	
