sphinx3        
num 0	0	41030	4250892	2727483	3442494	82811	
num 0	1	    5	  730	  271	  213	   66	
num 0	2	   14	 1483	  895	 1043	  163	
num 0	3	   41	 4073	 2859	 3202	  362	
num 0	4	   44	 4566	 3087	 3126	  485	
num 0	5	   25	 2485	 1794	 1788	  333	
num 0	6	  109	11099	 7555	 7589	 1661	
num 0	7	  298	31005	20559	19980	 4744	
num 0	8	68541	7009283	4974203	4293924	1269086	
num 0	9	    0	    0	    0	    0	    0	
num 0	10	    0	    0	    0	    0	    0	
num 0	11	    0	    0	    0	    0	    0	
num 0	12	    0	    0	    0	    0	    0	
num 0	13	   44	 4176	 3197	 2093	 1798	
num 0	14	  922	88277	65825	42746	39184	
num 0	15	48228	4594566	3430627	2282241	2038934	
num 0	16	1909311	180142989	135749299	93460680	79430648	
num 1	0	1909311	180142989	135749299	93460680	79430648	
num 1	1	 3971	417894	266222	311908	20552	
num 1	2	   53	 5118	 3753	 4144	  553	
num 1	3	   64	 6671	 4416	 4656	  641	
num 1	4	  140	14860	 9430	10058	 1492	
num 1	5	   85	 8386	 6191	 6008	 1175	
num 1	6	  202	20357	14466	13840	 3049	
num 1	7	  583	59698	41618	39011	 8921	
num 1	8	18284	1892755	1305863	1171600	310486	
num 1	9	   35	 3255	 2786	 2171	  748	
num 1	10	    2	  177	  153	  140	   42	
num 1	11	    0	    0	    0	    0	    0	
num 1	12	    0	    0	    0	    0	    0	
num 1	13	   25	 2409	 1727	 1353	  911	
num 1	14	 1634	156835	117049	76275	68145	
num 1	15	75630	7231389	5382375	3555222	3192294	
num 2	0	2407523	228268369	171107786	116110129	100839604	
num 2	1	    0	    0	    0	    0	    0	
num 2	2	 9156	952364	625431	704533	61608	
num 2	3	  260	27833	17518	18718	 2491	
num 2	4	  406	42838	27789	28879	 4430	
num 2	5	  372	38362	26130	25893	 4847	
num 2	6	  629	64462	44662	43304	 8596	
num 2	7	 1354	141376	94974	89671	20603	
num 2	8	27323	2814757	1961942	1766682	451307	
num 2	9	   53	 5315	 3900	 3283	 1070	
num 2	10	  110	11811	 7720	 6528	 2101	
num 2	11	    6	  829	  344	  230	  133	
num 2	12	   25	 2521	 1914	 1389	  576	
num 2	13	   77	 7432	 5644	 4028	 2608	
num 2	14	 2064	197542	148674	98683	83485	
num 3	0	1672674	159243707	118952981	79680409	70327447	
num 3	1	    0	    0	    0	    0	    0	
num 3	2	    0	    0	    0	    0	    0	
num 3	3	18234	1883842	1248942	1405252	129868	
num 3	4	  850	89427	58193	60687	 9293	
num 3	5	 1212	128287	83719	83567	14699	
num 3	6	 1773	178734	127418	123576	24160	
num 3	7	 2200	224703	156479	150721	31297	
num 3	8	12298	1269694	873356	808357	196881	
num 3	9	  437	43548	31894	28706	 7724	
num 3	10	  301	30421	21518	19532	 5585	
num 3	11	  117	12131	 8412	 6886	 2523	
num 3	12	   65	 6534	 4697	 4032	 1377	
num 3	13	  250	24964	18031	13155	 7850	
num 4	0	824979	78777701	58785395	39032102	34599426	
num 4	1	    0	    0	    0	    0	    0	
num 4	2	    0	    0	    0	    0	    0	
num 4	3	    0	    0	    0	    0	    0	
num 4	4	22544	2336684	1547147	1714117	173316	
num 4	5	 1695	178322	117133	118946	19519	
num 4	6	 2326	238856	164858	161595	30147	
num 4	7	 3988	411662	282117	272285	54864	
num 4	8	19421	2005321	1373258	1317477	275720	
num 4	9	 1535	161034	108852	96490	26584	
num 4	10	 1363	136309	99693	86602	26324	
num 4	11	  710	70878	52893	43503	14486	
num 4	12	  919	90646	66323	51276	27019	
num 5	0	331583	31744545	23715888	15832613	13592202	
num 5	1	    0	    0	    0	    0	    0	
num 5	2	    0	    0	    0	    0	    0	
num 5	3	    0	    0	    0	    0	    0	
num 5	4	    0	    0	    0	    0	    0	
num 5	5	18006	1844385	1248272	1341354	175525	
num 5	6	 3049	314755	213684	214595	37510	
num 5	7	 4550	466976	321273	313591	62960	
num 5	8	19270	1973111	1367419	1325704	266886	
num 5	9	 2732	281531	196194	175077	46590	
num 5	10	 3628	372004	261718	228873	66173	
num 5	11	 2211	227346	159129	136137	43404	
num 6	0	134307	12898261	9684273	6738290	5061768	
num 6	1	    0	    0	    0	    0	    0	
num 6	2	    0	    0	    0	    0	    0	
num 6	3	    0	    0	    0	    0	    0	
num 6	4	    0	    0	    0	    0	    0	
num 6	5	    0	    0	    0	    0	    0	
num 6	6	36650	3769040	2536239	2740857	336264	
num 6	7	 4059	417788	286207	280518	54591	
num 6	8	13657	1411829	961570	935680	187113	
num 6	9	 4885	503305	347898	318327	81030	
num 6	10	 6401	657863	457935	409677	113181	
num 7	0	94811	9166014	6888359	5185103	3032140	
num 7	1	    0	    0	    0	    0	    0	
num 7	2	    0	    0	    0	    0	    0	
num 7	3	    0	    0	    0	    0	    0	
num 7	4	    0	    0	    0	    0	    0	
num 7	5	    0	    0	    0	    0	    0	
num 7	6	    0	    0	    0	    0	    0	
num 7	7	34115	3492074	2357796	2549789	333781	
num 7	8	 8846	912859	623721	610665	117331	
num 7	9	 6541	662783	469277	438475	103961	
num 8	0	104420	10179987	7564496	5891056	3095981	
num 8	1	    0	    0	    0	    0	    0	
num 8	2	    0	    0	    0	    0	    0	
num 8	3	    0	    0	    0	    0	    0	
num 8	4	    0	    0	    0	    0	    0	
num 8	5	    0	    0	    0	    0	    0	
num 8	6	    0	    0	    0	    0	    0	
num 8	7	    0	    0	    0	    0	    0	
num 8	8	145269	14953208	9901829	11254097	1079730	
num 9	0	861874	84583007	61937337	48302999	25816401	
num 9	1	    0	    0	    0	    0	    0	
num 9	2	    0	    0	    0	    0	    0	
num 9	3	    0	    0	    0	    0	    0	
num 9	4	    0	    0	    0	    0	    0	
num 9	5	    0	    0	    0	    0	    0	
num 9	6	    0	    0	    0	    0	    0	
num 9	7	    0	    0	    0	    0	    0	
num 10	0	465143	45832802	33309318	26173305	13761183	
num 10	1	    0	    0	    0	    0	    0	
num 10	2	    0	    0	    0	    0	    0	
num 10	3	    0	    0	    0	    0	    0	
num 10	4	    0	    0	    0	    0	    0	
num 10	5	    0	    0	    0	    0	    0	
num 10	6	    0	    0	    0	    0	    0	
num 11	0	320490	31634356	22911811	18315812	9183461	
num 11	1	    0	    0	    0	    0	    0	
num 11	2	    0	    0	    0	    0	    0	
num 11	3	    0	    0	    0	    0	    0	
num 11	4	    0	    0	    0	    0	    0	
num 11	5	    0	    0	    0	    0	    0	
num 12	0	172344	17006621	12285329	9938371	4889743	
num 12	1	    0	    0	    0	    0	    0	
num 12	2	    0	    0	    0	    0	    0	
num 12	3	    0	    0	    0	    0	    0	
num 12	4	    0	    0	    0	    0	    0	
num 13	0	156568	15407730	11120066	9330916	4222696	
num 13	1	    0	    0	    0	    0	    0	
num 13	2	    0	    0	    0	    0	    0	
num 13	3	    0	    0	    0	    0	    0	
num 14	0	122955	12096032	8703699	7459435	3217314	
num 14	1	    0	    0	    0	    0	    0	
num 14	2	    0	    0	    0	    0	    0	
num 15	0	70130	6921697	4938404	4295587	1797592	
num 15	1	    0	    0	    0	    0	    0	
num 16	0	31774	3158695	2220433	1985541	769475	

zeusmp         
num 0	0	8458204	1932605409	61320085	171367726	 7004	
num 0	1	   13	 3109	   49	  160	   10	
num 0	2	  264	56843	 2438	 7748	  555	
num 0	3	   11	 2646	    0	  170	    0	
num 0	4	  135	26512	 2474	 4883	  691	
num 0	5	    1	  206	   27	   12	   11	
num 0	6	  116	21033	 3034	 4386	 1243	
num 0	7	    2	  472	    0	   40	    0	
num 0	8	326084	65113439	2998472	15357672	 7921	
num 0	9	   37	 7178	  482	 1646	  166	
num 0	10	  102	16940	 3335	 4359	 1478	
num 0	11	    0	    0	    0	    0	    0	
num 0	12	  115	17732	 4308	 5547	 1853	
num 0	13	    0	    0	    0	    0	    0	
num 0	14	  576	91783	18516	29599	 7558	
num 0	15	  522	44883	41820	24267	22662	
num 0	16	777087	104960195	35257858	43007547	15708672	
num 1	0	777087	104960195	35257858	43007547	15708672	
num 1	1	49263	11269239	360957	966963	14169	
num 1	2	  258	57803	 2133	 5752	  360	
num 1	3	  116	25813	  829	 2955	   99	
num 1	4	   40	 8628	  527	  949	  136	
num 1	5	   13	 2312	  417	  442	  157	
num 1	6	   18	 3100	  632	  631	  245	
num 1	7	   30	 4728	 1156	 1309	  487	
num 1	8	33662	6824901	272734	1519223	  614	
num 1	9	64771	12854917	672392	2931403	122664	
num 1	10	   48	 7438	 1869	 2132	  849	
num 1	11	   18	 2521	  946	  628	  513	
num 1	12	   27	 3238	 1670	 1190	  814	
num 1	13	    9	 1000	  604	  385	  315	
num 1	14	   55	 6424	 3427	 2506	 1723	
num 1	15	 1015	99269	73433	49265	37873	
num 2	0	135706	14198942	8971853	7049854	4520087	
num 2	1	    0	    0	    0	    0	    0	
num 2	2	106177	23189935	1186423	2646456	158498	
num 2	3	  594	134412	 3211	14289	  152	
num 2	4	  726	151113	 9032	23733	 1978	
num 2	5	   60	13043	  566	 1631	  120	
num 2	6	  542	105544	 9780	20512	 2916	
num 2	7	   15	 2322	  647	  673	  198	
num 2	8	 4006	805420	38970	176103	 5043	
num 2	9	 8502	1671124	95028	387395	22965	
num 2	10	 8555	1610948	132750	409398	36984	
num 2	11	   43	 6786	 1474	 2229	  519	
num 2	12	  218	33271	 8562	10220	 3755	
num 2	13	   10	 1262	  610	  389	  299	
num 2	14	 1471	238996	45716	73211	18653	
num 3	0	111195	14299819	5640642	5892628	2632831	
num 3	1	    0	    0	    0	    0	    0	
num 3	2	    0	    0	    0	    0	    0	
num 3	3	98327	22162480	749153	2210804	49275	
num 3	4	  835	182934	 6253	23804	  769	
num 3	5	  505	113086	 3885	11882	  427	
num 3	6	  195	39150	 3357	 6518	  895	
num 3	7	  392	82072	 2927	15003	  350	
num 3	8	 1695	355350	11216	66692	  662	
num 3	9	   35	 5951	 1162	 1345	  502	
num 3	10	  102	18242	 2913	 3807	 1150	
num 3	11	 2028	374428	36365	100377	 7998	
num 3	12	   49	 7033	 2327	 2066	 1118	
num 3	13	   33	 4166	 1919	 1486	  877	
num 4	0	19838	2161479	1282821	1001221	633007	
num 4	1	    0	    0	    0	    0	    0	
num 4	2	    0	    0	    0	    0	    0	
num 4	3	    0	    0	    0	    0	    0	
num 4	4	113319	24139633	1561789	3001641	306601	
num 4	5	  123	26392	 1317	 3582	  197	
num 4	6	  958	196328	12368	33654	 2898	
num 4	7	 1519	314428	11188	62931	  317	
num 4	8	 1772	359834	19791	69306	 4701	
num 4	9	   71	14484	  936	 2497	  259	
num 4	10	  693	122973	17504	30248	 6683	
num 4	11	   65	11756	 1424	 2981	  479	
num 4	12	 1345	220226	40621	73363	10110	
num 5	0	33974	4651176	1571179	1764375	710614	
num 5	1	    0	    0	    0	    0	    0	
num 5	2	    0	    0	    0	    0	    0	
num 5	3	    0	    0	    0	    0	    0	
num 5	4	    0	    0	    0	    0	    0	
num 5	5	21766	4402058	361781	714953	93304	
num 5	6	  936	197052	 9675	31491	 1398	
num 5	7	 1290	275045	 9348	45221	  626	
num 5	8	 6407	1350058	41847	246106	 2181	
num 5	9	  359	70666	 4488	15662	 1088	
num 5	10	   48	 8573	 1387	 1751	  577	
num 5	11	   57	 8607	 2380	 2617	  988	
num 6	0	 9909	1262621	520750	509811	243522	
num 6	1	    0	    0	    0	    0	    0	
num 6	2	    0	    0	    0	    0	    0	
num 6	3	    0	    0	    0	    0	    0	
num 6	4	    0	    0	    0	    0	    0	
num 6	5	    0	    0	    0	    0	    0	
num 6	6	115024	22772501	2107993	4015783	549867	
num 6	7	 2354	502476	16854	82690	  604	
num 6	8	 5902	1234317	48085	224244	 4266	
num 6	9	 2602	510756	32472	114696	 8188	
num 6	10	  375	63255	12167	16042	 4536	
num 7	0	29297	4199352	1252410	1498810	549460	
num 7	1	    0	    0	    0	    0	    0	
num 7	2	    0	    0	    0	    0	    0	
num 7	3	    0	    0	    0	    0	    0	
num 7	4	    0	    0	    0	    0	    0	
num 7	5	    0	    0	    0	    0	    0	
num 7	6	    0	    0	    0	    0	    0	
num 7	7	182767	38136786	1596682	6910966	143918	
num 7	8	 6417	1347891	54738	234975	 5148	
num 7	9	 4089	820281	53195	162250	11058	
num 8	0	102303	16531583	3032787	5406403	1218795	
num 8	1	    0	    0	    0	    0	    0	
num 8	2	    0	    0	    0	    0	    0	
num 8	3	    0	    0	    0	    0	    0	
num 8	4	    0	    0	    0	    0	    0	
num 8	5	    0	    0	    0	    0	    0	
num 8	6	    0	    0	    0	    0	    0	
num 8	7	    0	    0	    0	    0	    0	
num 8	8	2656538	547797372	22618022	108982048	676286	
num 9	0	1213556	203105124	32491617	63881551	11192044	
num 9	1	    0	    0	    0	    0	    0	
num 9	2	    0	    0	    0	    0	    0	
num 9	3	    0	    0	    0	    0	    0	
num 9	4	    0	    0	    0	    0	    0	
num 9	5	    0	    0	    0	    0	    0	
num 9	6	    0	    0	    0	    0	    0	
num 9	7	    0	    0	    0	    0	    0	
num 10	0	106655	16743565	3666089	5453143	1440883	
num 10	1	    0	    0	    0	    0	    0	
num 10	2	    0	    0	    0	    0	    0	
num 10	3	    0	    0	    0	    0	    0	
num 10	4	    0	    0	    0	    0	    0	
num 10	5	    0	    0	    0	    0	    0	
num 10	6	    0	    0	    0	    0	    0	
num 11	0	48066	7237155	1881985	2410107	775649	
num 11	1	    0	    0	    0	    0	    0	
num 11	2	    0	    0	    0	    0	    0	
num 11	3	    0	    0	    0	    0	    0	
num 11	4	    0	    0	    0	    0	    0	
num 11	5	    0	    0	    0	    0	    0	
num 12	0	 8373	1333698	301683	383318	124789	
num 12	1	    0	    0	    0	    0	    0	
num 12	2	    0	    0	    0	    0	    0	
num 12	3	    0	    0	    0	    0	    0	
num 12	4	    0	    0	    0	    0	    0	
num 13	0	23522	3814664	817420	1054537	335011	
num 13	1	    0	    0	    0	    0	    0	
num 13	2	    0	    0	    0	    0	    0	
num 13	3	    0	    0	    0	    0	    0	
num 14	0	14906	2473654	481831	663655	196796	
num 14	1	    0	    0	    0	    0	    0	
num 14	2	    0	    0	    0	    0	    0	
num 15	0	23784	4142222	674495	1016966	255021	
num 15	1	    0	    0	    0	    0	    0	
num 16	0	10552	1930115	253223	425804	92170	

GemsFDTD       
num 0	0	16221433	3640532787	214481817	297342944	329300	
num 0	1	    0	    0	    0	    0	    0	
num 0	2	  710	100103	34894	42764	 3999	
num 0	3	    3	  496	  129	  117	   26	
num 0	4	  618	82000	33357	35829	 7022	
num 0	5	    2	  353	   84	   38	   37	
num 0	6	  554	67316	33121	32012	 9375	
num 0	7	    5	  437	  371	  352	  120	
num 0	8	 1112	111448	79784	58505	34935	
num 0	9	    2	  194	  134	  126	   58	
num 0	10	  527	55271	36145	28689	14807	
num 0	11	   12	 1276	  842	  598	  356	
num 0	12	 1856	179181	133556	100166	62233	
num 0	13	  211	18864	16091	10915	 8146	
num 0	14	38277	3471114	2863269	2008337	1456192	
num 0	15	102789	9120246	7843674	4868023	4482041	
num 0	16	19939759	1765589041	1517808980	956818884	864361399	
num 1	0	19939759	1765589041	1517808980	956818884	864361399	
num 1	1	 7909	1301199	311899	392603	19003	
num 1	2	   60	 6875	 3592	 4552	  341	
num 1	3	   57	 7454	 3081	 3640	  417	
num 1	4	  116	14806	 6662	 6945	 1283	
num 1	5	   48	 6031	 2831	 2781	  645	
num 1	6	  145	17762	 8443	 8476	 2439	
num 1	7	   48	 5384	 3062	 2900	  942	
num 1	8	  217	23504	14502	12177	 5369	
num 1	9	   79	 8110	 5483	 4200	 2431	
num 1	10	  196	20114	13589	10965	 5508	
num 1	11	   82	 7582	 6091	 4754	 2565	
num 1	12	 1024	97452	74451	56282	33959	
num 1	13	 1854	170034	137302	101269	66019	
num 1	14	22040	2000674	1653335	1143977	844254	
num 1	15	175425	15587175	13370811	8528402	7422412	
num 2	0	10997492	975103365	838186865	524165703	477902019	
num 2	1	    0	    0	    0	    0	    0	
num 2	2	159764	25894570	6351551	8310501	342962	
num 2	3	    5	  803	  230	  209	   38	
num 2	4	 1409	187101	74656	87439	11508	
num 2	5	    9	 1119	  525	  540	  120	
num 2	6	 1265	159778	72029	74104	17929	
num 2	7	   12	 1320	  775	  725	  252	
num 2	8	 1179	137208	73102	68314	23200	
num 2	9	   25	 2706	 1636	 1360	  698	
num 2	10	 1119	118897	75701	62938	28928	
num 2	11	   36	 3616	 2577	 1875	 1148	
num 2	12	 2198	216924	156489	121727	67548	
num 2	13	 1392	127182	103413	75774	49983	
num 2	14	53470	4883481	3972613	2903587	1928639	
num 3	0	6097298	541033132	464476238	295643190	259755728	
num 3	1	    0	    0	    0	    0	    0	
num 3	2	    0	    0	    0	    0	    0	
num 3	3	19339	3291247	714826	883510	61201	
num 3	4	  121	18040	 5629	 6289	 1018	
num 3	5	  125	16241	 6917	 7570	 1272	
num 3	6	  240	28578	14423	15261	 3178	
num 3	7	  117	14907	 6835	 6319	 1891	
num 3	8	  294	32623	19198	17668	 5775	
num 3	9	  121	14032	 7799	 6522	 2623	
num 3	10	  327	35308	22051	17987	 8366	
num 3	11	  323	33029	22538	17237	 9884	
num 3	12	  849	85259	60167	46149	25769	
num 3	13	 1663	155128	122420	91869	56311	
num 4	0	2290600	203505394	174617862	111566670	96703674	
num 4	1	    0	    0	    0	    0	    0	
num 4	2	    0	    0	    0	    0	    0	
num 4	3	    0	    0	    0	    0	    0	
num 4	4	148394	23061650	6377280	7914552	635382	
num 4	5	   14	 1874	  705	  895	  110	
num 4	6	 1568	202185	86197	96235	16791	
num 4	7	   26	 3027	 1637	 1545	  447	
num 4	8	 1423	173542	83919	83645	23182	
num 4	9	   29	 2760	 2072	 1983	  609	
num 4	10	 1299	145993	83434	74452	28665	
num 4	11	  115	12203	 7821	 5965	 3451	
num 4	12	 3004	307874	208226	169198	83726	
num 5	0	1680095	150895063	126752866	85689461	66766930	
num 5	1	    0	    0	    0	    0	    0	
num 5	2	    0	    0	    0	    0	    0	
num 5	3	    0	    0	    0	    0	    0	
num 5	4	    0	    0	    0	    0	    0	
num 5	5	17187	2579131	791147	918370	111224	
num 5	6	  118	15530	 6457	 6975	 1246	
num 5	7	  223	28240	12861	12899	 3088	
num 5	8	  232	28319	13923	13587	 3563	
num 5	9	  183	21569	11167	10946	 3166	
num 5	10	  323	36620	20758	18374	 6936	
num 5	11	  502	54550	32943	29199	11820	
num 6	0	676944	61017654	50977926	34808533	26493551	
num 6	1	    0	    0	    0	    0	    0	
num 6	2	    0	    0	    0	    0	    0	
num 6	3	    0	    0	    0	    0	    0	
num 6	4	    0	    0	    0	    0	    0	
num 6	5	    0	    0	    0	    0	    0	
num 6	6	146479	22407262	6493442	7651809	946111	
num 6	7	   37	 4366	 2199	 2398	  509	
num 6	8	 1668	209111	95755	100217	21925	
num 6	9	   45	 4770	 3115	 2842	  793	
num 6	10	 1554	184091	94661	89802	29270	
num 7	0	522774	47770013	38970331	27892050	19197750	
num 7	1	    0	    0	    0	    0	    0	
num 7	2	    0	    0	    0	    0	    0	
num 7	3	    0	    0	    0	    0	    0	
num 7	4	    0	    0	    0	    0	    0	
num 7	5	    0	    0	    0	    0	    0	
num 7	6	    0	    0	    0	    0	    0	
num 7	7	23826	3527612	1127547	1242871	201426	
num 7	8	  184	21672	11379	11054	 2999	
num 7	9	  361	42720	22322	20886	 6488	
num 8	0	178806	16332588	13354885	9548714	6538149	
num 8	1	    0	    0	    0	    0	    0	
num 8	2	    0	    0	    0	    0	    0	
num 8	3	    0	    0	    0	    0	    0	
num 8	4	    0	    0	    0	    0	    0	
num 8	5	    0	    0	    0	    0	    0	
num 8	6	    0	    0	    0	    0	    0	
num 8	7	    0	    0	    0	    0	    0	
num 8	8	227646	31542745	11886134	12199611	2648886	
num 9	0	476542	43929259	35691816	24921604	17452073	
num 9	1	    0	    0	    0	    0	    0	
num 9	2	    0	    0	    0	    0	    0	
num 9	3	    0	    0	    0	    0	    0	
num 9	4	    0	    0	    0	    0	    0	
num 9	5	    0	    0	    0	    0	    0	
num 9	6	    0	    0	    0	    0	    0	
num 9	7	    0	    0	    0	    0	    0	
num 10	0	102893	9550572	7634192	5536309	3619535	
num 10	1	    0	    0	    0	    0	    0	
num 10	2	    0	    0	    0	    0	    0	
num 10	3	    0	    0	    0	    0	    0	
num 10	4	    0	    0	    0	    0	    0	
num 10	5	    0	    0	    0	    0	    0	
num 10	6	    0	    0	    0	    0	    0	
num 11	0	205333	20167384	14527517	11904207	5966140	
num 11	1	    0	    0	    0	    0	    0	
num 11	2	    0	    0	    0	    0	    0	
num 11	3	    0	    0	    0	    0	    0	
num 11	4	    0	    0	    0	    0	    0	
num 11	5	    0	    0	    0	    0	    0	
num 12	0	41512	4047823	2957007	2431228	1191014	
num 12	1	    0	    0	    0	    0	    0	
num 12	2	    0	    0	    0	    0	    0	
num 12	3	    0	    0	    0	    0	    0	
num 12	4	    0	    0	    0	    0	    0	
num 13	0	199514	20118442	13764333	12078542	5114267	
num 13	1	    0	    0	    0	    0	    0	
num 13	2	    0	    0	    0	    0	    0	
num 13	3	    0	    0	    0	    0	    0	
num 14	0	29518	2964256	2050000	1799125	743227	
num 14	1	    0	    0	    0	    0	    0	
num 14	2	    0	    0	    0	    0	    0	
num 15	0	198651	20623983	13336460	12392772	4501441	
num 15	1	    0	    0	    0	    0	    0	
num 16	0	14965	1564619	1002837	929918	333666	

gobmk          
num 0	0	21144	4230789	511964	647549	22562	
num 0	1	  885	172942	24071	26430	 3117	
num 0	2	  476	92261	13221	13861	 2513	
num 0	3	  194	36337	 6064	 5921	 1342	
num 0	4	  916	171348	29055	24588	 9505	
num 0	5	   64	11988	 2014	 1636	  746	
num 0	6	  664	104199	29962	24185	11638	
num 0	7	  672	108775	28194	24010	11053	
num 0	8	 1235	185560	59038	45872	25690	
num 0	9	  948	138859	46551	36183	21095	
num 0	10	   44	 6271	 2279	 1614	 1100	
num 0	11	    0	    0	    0	    0	    0	
num 0	12	    0	    0	    0	    0	    0	
num 0	13	    0	    0	    0	    0	    0	
num 0	14	    0	    0	    0	    0	    0	
num 0	15	    0	    0	    0	    0	    0	
num 0	16	    3	  270	  229	  129	  140	
num 1	0	    3	  270	  229	  129	  140	
num 1	1	26689	5306436	670283	803724	51941	
num 1	2	 5465	1068136	148100	160055	22749	
num 1	3	 2576	491210	76120	76449	15677	
num 1	4	 1471	276155	46193	41697	12531	
num 1	5	 1941	358273	63955	54104	20564	
num 1	6	  365	60656	15227	12153	 5404	
num 1	7	 1362	214080	61426	49306	23860	
num 1	8	 1355	208851	62780	49261	25988	
num 1	9	 1781	263389	87395	65778	39374	
num 1	10	  662	95094	33431	25459	15488	
num 1	11	   22	 3193	 1103	  755	  581	
num 1	12	    1	  185	   35	   24	   12	
num 1	13	    0	    0	    0	    0	    0	
num 1	14	    1	  116	   64	   58	   18	
num 1	15	    3	  343	  193	  170	   62	
num 2	0	   14	 1453	  982	  773	  376	
num 2	1	    0	    0	    0	    0	    0	
num 2	2	52303	10354283	1336045	1580840	118400	
num 2	3	13310	2564397	378646	397865	66452	
num 2	4	 7694	1448021	237770	227256	56617	
num 2	5	 3266	604637	106717	94605	30137	
num 2	6	 2431	445348	81257	68666	27065	
num 2	7	  778	130292	31922	24930	12024	
num 2	8	 3587	564968	160753	127489	65062	
num 2	9	 1348	204140	64313	48124	28511	
num 2	10	  937	136717	47027	34436	21692	
num 2	11	  177	25476	 8969	 6573	 4294	
num 2	12	    0	    0	    0	    0	    0	
num 2	13	    3	  386	  181	  155	   46	
num 2	14	    0	    0	    0	    0	    0	
num 3	0	   18	 1975	 1188	  945	  500	
num 3	1	    0	    0	    0	    0	    0	
num 3	2	    0	    0	    0	    0	    0	
num 3	3	62190	12238342	1626755	1885216	170327	
num 3	4	22039	4192460	656672	656838	136014	
num 3	5	12236	2273845	392713	363764	102094	
num 3	6	 4338	787195	149549	129383	44401	
num 3	7	 4004	707475	144907	125169	47473	
num 3	8	 1597	262328	67677	53123	25704	
num 3	9	 4122	640757	188620	149186	76669	
num 3	10	  697	102461	34687	25631	15653	
num 3	11	  200	28179	10479	 7623	 4919	
num 3	12	    9	 1183	  518	  372	  231	
num 3	13	    7	  864	  412	  338	  178	
num 4	0	   22	 2621	 1374	 1135	  502	
num 4	1	    0	    0	    0	    0	    0	
num 4	2	    0	    0	    0	    0	    0	
num 4	3	    0	    0	    0	    0	    0	
num 4	4	62234	12093881	1705864	1883350	248809	
num 4	5	27172	5086839	850354	815684	203155	
num 4	6	13922	2532793	472561	422987	135691	
num 4	7	 6354	1129222	228892	196702	71808	
num 4	8	 4671	813578	175427	147207	59564	
num 4	9	 2129	345919	91725	72241	35139	
num 4	10	 1902	294155	88533	67826	36398	
num 4	11	  299	43230	15418	11201	 6695	
num 4	12	   67	 9046	 3719	 2839	 1548	
num 5	0	   20	 2351	 1198	 1103	  468	
num 5	1	    0	    0	    0	    0	    0	
num 5	2	    0	    0	    0	    0	    0	
num 5	3	    0	    0	    0	    0	    0	
num 5	4	    0	    0	    0	    0	    0	
num 5	5	46242	8877976	1324065	1411377	224534	
num 5	6	26890	4912753	900286	826507	244294	
num 5	7	16615	2949415	595509	525955	182561	
num 5	8	11006	1922210	410662	349268	135396	
num 5	9	 5582	948966	220671	180572	78783	
num 5	10	 2336	380758	100567	78568	38123	
num 5	11	  825	127278	38592	28983	16347	
num 6	0	   40	 4787	 2515	 1830	 1108	
num 6	1	    0	    0	    0	    0	    0	
num 6	2	    0	    0	    0	    0	    0	
num 6	3	    0	    0	    0	    0	    0	
num 6	4	    0	    0	    0	    0	    0	
num 6	5	    0	    0	    0	    0	    0	
num 6	6	44065	8195867	1384825	1394056	305892	
num 6	7	29843	5323192	1053764	954049	308803	
num 6	8	22733	3984541	835734	733803	265570	
num 6	9	14979	2564088	581517	489028	199991	
num 6	10	 6844	1140859	281549	225341	104315	
num 7	0	  128	15028	 8062	 6303	 3375	
num 7	1	    0	    0	    0	    0	    0	
num 7	2	    0	    0	    0	    0	    0	
num 7	3	    0	    0	    0	    0	    0	
num 7	4	    0	    0	    0	    0	    0	
num 7	5	    0	    0	    0	    0	    0	
num 7	6	    0	    0	    0	    0	    0	
num 7	7	46598	8806421	1391089	1473849	257729	
num 7	8	31998	5691870	1132464	1033722	333432	
num 7	9	26569	4623285	991752	863647	322980	
num 8	0	  366	44586	22068	17665	 9377	
num 8	1	    0	    0	    0	    0	    0	
num 8	2	    0	    0	    0	    0	    0	
num 8	3	    0	    0	    0	    0	    0	
num 8	4	    0	    0	    0	    0	    0	
num 8	5	    0	    0	    0	    0	    0	
num 8	6	    0	    0	    0	    0	    0	
num 8	7	    0	    0	    0	    0	    0	
num 8	8	50094	9500408	1474845	1579702	269109	
num 9	0	  715	87189	43369	34092	18390	
num 9	1	    0	    0	    0	    0	    0	
num 9	2	    0	    0	    0	    0	    0	
num 9	3	    0	    0	    0	    0	    0	
num 9	4	    0	    0	    0	    0	    0	
num 9	5	    0	    0	    0	    0	    0	
num 9	6	    0	    0	    0	    0	    0	
num 9	7	    0	    0	    0	    0	    0	
num 10	0	  720	90088	42760	33856	17616	
num 10	1	    0	    0	    0	    0	    0	
num 10	2	    0	    0	    0	    0	    0	
num 10	3	    0	    0	    0	    0	    0	
num 10	4	    0	    0	    0	    0	    0	
num 10	5	    0	    0	    0	    0	    0	
num 10	6	    0	    0	    0	    0	    0	
num 11	0	  827	111869	45308	36310	18225	
num 11	1	    0	    0	    0	    0	    0	
num 11	2	    0	    0	    0	    0	    0	
num 11	3	    0	    0	    0	    0	    0	
num 11	4	    0	    0	    0	    0	    0	
num 11	5	    0	    0	    0	    0	    0	
num 12	0	  676	92308	36332	30099	14317	
num 12	1	    0	    0	    0	    0	    0	
num 12	2	    0	    0	    0	    0	    0	
num 12	3	    0	    0	    0	    0	    0	
num 12	4	    0	    0	    0	    0	    0	
num 13	0	  875	132575	41491	35065	14869	
num 13	1	    0	    0	    0	    0	    0	
num 13	2	    0	    0	    0	    0	    0	
num 13	3	    0	    0	    0	    0	    0	
num 14	0	  870	131597	41266	35353	14504	
num 14	1	    0	    0	    0	    0	    0	
num 14	2	    0	    0	    0	    0	    0	
num 15	0	  858	134282	38227	34828	12311	
num 15	1	    0	    0	    0	    0	    0	
num 16	0	  656	106897	27230	26188	 7621	

bzip2          
num 0	0	74821	10869569	3479093	4621440	184074	
num 0	1	  273	38540	12950	17316	 1082	
num 0	2	   16	 1990	  905	 1112	   89	
num 0	3	    3	  453	  123	  168	   24	
num 0	4	    1	   69	   87	   84	   16	
num 0	5	    0	    0	    0	    0	    0	
num 0	6	    0	    0	    0	    0	    0	
num 0	7	    1	   70	   84	   79	   23	
num 0	8	    1	  110	   55	   66	   25	
num 0	9	    0	    0	    0	    0	    0	
num 0	10	    0	    0	    0	    0	    0	
num 0	11	    3	  326	  214	  151	   77	
num 0	12	    6	  593	  443	  305	  195	
num 0	13	   51	 5971	 3130	 2495	 1460	
num 0	14	  375	42219	24274	18113	11394	
num 0	15	 3277	357801	221053	151643	108415	
num 0	16	111901	11716413	7874783	4957810	4097650	
num 1	0	111901	11716413	7874783	4957810	4097650	
num 1	1	24835	3499544	1197742	1570667	89807	
num 1	2	  646	88222	32274	41483	 3397	
num 1	3	   85	10664	 4745	 5721	  630	
num 1	4	   15	 1895	  829	  948	  168	
num 1	5	    8	  975	  480	  489	  104	
num 1	6	    4	  428	  272	  275	   49	
num 1	7	    2	  213	  144	  124	   31	
num 1	8	    0	    0	    0	    0	    0	
num 1	9	    1	  123	   69	   50	   14	
num 1	10	   10	 1217	  611	  482	  250	
num 1	11	   22	 2350	 1529	 1212	  541	
num 1	12	   91	10878	 5615	 4332	 2471	
num 1	13	  437	51244	27390	20856	12382	
num 1	14	 2087	239295	133358	100919	60700	
num 1	15	12489	1389793	824597	590349	392445	
num 2	0	155666	16588922	10767087	7042107	5452380	
num 2	1	    0	    0	    0	    0	    0	
num 2	2	15057	2079464	744664	960323	70141	
num 2	3	 1242	163750	64700	81410	 8092	
num 2	4	  267	33699	14920	17215	 2518	
num 2	5	   64	 7823	 3714	 4066	  781	
num 2	6	   36	 4314	 2081	 2224	  597	
num 2	7	   28	 3506	 1617	 1510	  535	
num 2	8	   16	 2078	  898	  790	  330	
num 2	9	   18	 1981	 1150	 1076	  401	
num 2	10	   39	 4534	 2400	 2164	  886	
num 2	11	  131	14978	 8366	 6770	 3422	
num 2	12	  342	40366	21240	16690	 9256	
num 2	13	 1392	160736	88197	68514	38905	
num 2	14	 5934	686084	375101	286601	171318	
num 3	0	196512	21307800	13363884	9013378	6622010	
num 3	1	    0	    0	    0	    0	    0	
num 3	2	    0	    0	    0	    0	    0	
num 3	3	11615	1587616	582861	733075	69888	
num 3	4	 1860	241063	98721	121429	14947	
num 3	5	  578	73688	31769	36300	 6211	
num 3	6	  232	29037	13107	14067	 3181	
num 3	7	  125	15512	 7123	 7247	 2118	
num 3	8	   76	 8673	 4781	 4549	 1453	
num 3	9	   90	10433	 5711	 4993	 1903	
num 3	10	  149	17622	 9228	 7753	 3541	
num 3	11	  329	38753	20489	16721	 8261	
num 3	12	  911	106941	56506	45809	23960	
num 3	13	 3081	360803	192598	150844	84491	
num 4	0	215115	23604539	14446423	9987476	7031002	
num 4	1	    0	    0	    0	    0	    0	
num 4	2	    0	    0	    0	    0	    0	
num 4	3	    0	    0	    0	    0	    0	
num 4	4	11029	1476082	569089	694811	83442	
num 4	5	 2598	331775	142362	166563	24388	
num 4	6	  998	123819	56773	62373	12523	
num 4	7	  520	64181	30424	30763	 7752	
num 4	8	  355	42915	21047	20457	 6461	
num 4	9	  347	40903	21154	19590	 7185	
num 4	10	  361	41579	23192	19543	 8102	
num 4	11	  761	89727	46922	39459	18708	
num 4	12	 1757	205700	109436	89510	45146	
num 5	0	208798	23184726	13849564	9782179	6635819	
num 5	1	    0	    0	    0	    0	    0	
num 5	2	    0	    0	    0	    0	    0	
num 5	3	    0	    0	    0	    0	    0	
num 5	4	    0	    0	    0	    0	    0	
num 5	5	11517	1540331	600901	706119	101001	
num 5	6	 3225	411769	177073	203290	33468	
num 5	7	 1625	202350	93374	98733	21543	
num 5	8	 1113	135032	65845	66283	17768	
num 5	9	  904	106826	54940	52566	17092	
num 5	10	 1017	120046	62159	56851	21296	
num 5	11	 1383	162566	85474	73770	32238	
num 6	0	181130	20348387	11871349	8558530	5591014	
num 6	1	    0	    0	    0	    0	    0	
num 6	2	    0	    0	    0	    0	    0	
num 6	3	    0	    0	    0	    0	    0	
num 6	4	    0	    0	    0	    0	    0	
num 6	5	    0	    0	    0	    0	    0	
num 6	6	12789	1717100	664176	765972	126736	
num 6	7	 4024	511679	223832	247304	47329	
num 6	8	 2534	310150	148283	153242	37029	
num 6	9	 1966	240097	116186	113504	33509	
num 6	10	 1871	224368	112240	106185	36183	
num 7	0	141245	16003661	9172982	6735154	4246923	
num 7	1	    0	    0	    0	    0	    0	
num 7	2	    0	    0	    0	    0	    0	
num 7	3	    0	    0	    0	    0	    0	
num 7	4	    0	    0	    0	    0	    0	
num 7	5	    0	    0	    0	    0	    0	
num 7	6	    0	    0	    0	    0	    0	
num 7	7	16016	2138734	843427	942636	175299	
num 7	8	 4887	619591	274078	297150	60253	
num 7	9	 3586	440712	209931	211668	55705	
num 8	0	101132	11559594	6510975	4857665	2961558	
num 8	1	    0	    0	    0	    0	    0	
num 8	2	    0	    0	    0	    0	    0	
num 8	3	    0	    0	    0	    0	    0	
num 8	4	    0	    0	    0	    0	    0	
num 8	5	    0	    0	    0	    0	    0	
num 8	6	    0	    0	    0	    0	    0	
num 8	7	    0	    0	    0	    0	    0	
num 8	8	21116	2798640	1124138	1231079	251839	
num 9	0	68346	7876271	4360572	3320611	1939122	
num 9	1	    0	    0	    0	    0	    0	
num 9	2	    0	    0	    0	    0	    0	
num 9	3	    0	    0	    0	    0	    0	
num 9	4	    0	    0	    0	    0	    0	
num 9	5	    0	    0	    0	    0	    0	
num 9	6	    0	    0	    0	    0	    0	
num 9	7	    0	    0	    0	    0	    0	
num 10	0	45564	5285116	2886662	2247581	1245025	
num 10	1	    0	    0	    0	    0	    0	
num 10	2	    0	    0	    0	    0	    0	
num 10	3	    0	    0	    0	    0	    0	
num 10	4	    0	    0	    0	    0	    0	
num 10	5	    0	    0	    0	    0	    0	
num 10	6	    0	    0	    0	    0	    0	
num 11	0	31180	3648437	1953985	1571738	807920	
num 11	1	    0	    0	    0	    0	    0	
num 11	2	    0	    0	    0	    0	    0	
num 11	3	    0	    0	    0	    0	    0	
num 11	4	    0	    0	    0	    0	    0	
num 11	5	    0	    0	    0	    0	    0	
num 12	0	23217	2755286	1429533	1204999	553734	
num 12	1	    0	    0	    0	    0	    0	
num 12	2	    0	    0	    0	    0	    0	
num 12	3	    0	    0	    0	    0	    0	
num 12	4	    0	    0	    0	    0	    0	
num 13	0	19471	2340722	1179037	1039785	425032	
num 13	1	    0	    0	    0	    0	    0	
num 13	2	    0	    0	    0	    0	    0	
num 13	3	    0	    0	    0	    0	    0	
num 14	0	18003	2210433	1060915	984141	353279	
num 14	1	    0	    0	    0	    0	    0	
num 14	2	    0	    0	    0	    0	    0	
num 15	0	20286	2537115	1166332	1137637	352132	
num 15	1	    0	    0	    0	    0	    0	
num 16	0	34014	4295468	1931558	1932171	548387	

h264ref        
num 0	0	 2478	434378	98827	82067	19096	
num 0	1	   31	 5279	 1362	 1010	  285	
num 0	2	    4	  647	  181	  168	   28	
num 0	3	    2	  320	   91	   67	   34	
num 0	4	    0	    0	    0	    0	    0	
num 0	5	    0	    0	    0	    0	    0	
num 0	6	    0	    0	    0	    0	    0	
num 0	7	    0	    0	    0	    0	    0	
num 0	8	    5	  653	  261	  269	   97	
num 0	9	    0	    0	    0	    0	    0	
num 0	10	    0	    0	    0	    0	    0	
num 0	11	    0	    0	    0	    0	    0	
num 0	12	    0	    0	    0	    0	    0	
num 0	13	    0	    0	    0	    0	    0	
num 0	14	    3	  480	  120	  100	   68	
num 0	15	    3	  541	  112	   74	   41	
num 0	16	  227	35094	 9323	10673	 3022	
num 1	0	  227	35094	 9323	10673	 3022	
num 1	1	 2217	380421	92112	74934	20085	
num 1	2	  157	26369	 6736	 5450	 1637	
num 1	3	   18	 3014	  767	  603	  224	
num 1	4	    7	 1172	  313	  245	   62	
num 1	5	    0	    0	    0	    0	    0	
num 1	6	    3	  433	  175	   76	   84	
num 1	7	    0	    0	    0	    0	    0	
num 1	8	    3	  371	  217	  131	   49	
num 1	9	    0	    0	    0	    0	    0	
num 1	10	    1	  118	   65	   38	   35	
num 1	11	    1	  155	   40	   45	   16	
num 1	12	    5	  841	  225	  113	  101	
num 1	13	    9	 1392	  411	  351	  150	
num 1	14	   10	 1605	  397	  324	  234	
num 1	15	   15	 2020	  817	  648	  355	
num 2	0	  158	23659	 6909	 7225	 2655	
num 2	1	    0	    0	    0	    0	    0	
num 2	2	 2628	445798	111269	90697	25004	
num 2	3	  303	50090	13392	10624	 3462	
num 2	4	   78	12849	 3496	 2650	  973	
num 2	5	   17	 2844	  695	  581	  232	
num 2	6	   11	 1610	  575	  424	  207	
num 2	7	    9	 1405	  448	  327	  124	
num 2	8	   12	 2081	  419	  382	  190	
num 2	9	    6	 1135	  165	  132	  104	
num 2	10	   12	 1887	  504	  525	  156	
num 2	11	    4	  591	  213	  143	   77	
num 2	12	   16	 2504	  683	  618	  291	
num 2	13	   28	 4316	 1187	 1196	  469	
num 2	14	   48	 7260	 2297	 1725	 1006	
num 3	0	  301	44110	14106	13242	 5598	
num 3	1	    0	    0	    0	    0	    0	
num 3	2	    0	    0	    0	    0	    0	
num 3	3	 2546	430250	108324	86782	26420	
num 3	4	  501	84876	21090	16653	 5637	
num 3	5	  130	21546	 5760	 4303	 1671	
num 3	6	   57	 9604	 2386	 1814	  788	
num 3	7	   33	 5284	 1458	 1099	  607	
num 3	8	   31	 4851	 1414	 1151	  520	
num 3	9	   36	 5524	 1778	 1214	  700	
num 3	10	   24	 3933	  949	  795	  467	
num 3	11	   30	 4530	 1537	  903	  710	
num 3	12	   41	 6436	 1879	 1407	  774	
num 3	13	   42	 6653	 1869	 1513	  717	
num 4	0	  445	67284	20338	18481	 7817	
num 4	1	    0	    0	    0	    0	    0	
num 4	2	    0	    0	    0	    0	    0	
num 4	3	    0	    0	    0	    0	    0	
num 4	4	 2652	448173	112186	90419	28134	
num 4	5	  704	117853	30345	23334	 8692	
num 4	6	  302	50096	13271	 9859	 4086	
num 4	7	  177	28525	 8111	 5937	 2739	
num 4	8	  102	16026	 4939	 3527	 1620	
num 4	9	   65	10063	 3169	 2281	 1127	
num 4	10	   70	11116	 3203	 2257	 1344	
num 4	11	   52	 7959	 2526	 1864	  963	
num 4	12	   77	11859	 3550	 2724	 1579	
num 5	0	  580	87832	25866	24290	10492	
num 5	1	    0	    0	    0	    0	    0	
num 5	2	    0	    0	    0	    0	    0	
num 5	3	    0	    0	    0	    0	    0	
num 5	4	    0	    0	    0	    0	    0	
num 5	5	 2567	435827	107959	85484	27882	
num 5	6	  947	158748	40484	31803	11397	
num 5	7	  464	76086	20411	15805	 6482	
num 5	8	  279	45936	12347	 9091	 4050	
num 5	9	  203	32551	 9497	 6634	 3286	
num 5	10	  138	22412	 6042	 4525	 2349	
num 5	11	  115	18187	 5329	 3833	 2091	
num 6	0	  653	98324	29933	26391	12520	
num 6	1	    0	    0	    0	    0	    0	
num 6	2	    0	    0	    0	    0	    0	
num 6	3	    0	    0	    0	    0	    0	
num 6	4	    0	    0	    0	    0	    0	
num 6	5	    0	    0	    0	    0	    0	
num 6	6	 2760	468137	115007	93926	29490	
num 6	7	 1161	193602	50152	39256	14206	
num 6	8	  758	125447	33146	25118	10337	
num 6	9	  471	77402	20466	15578	 7130	
num 6	10	  332	52798	15468	11312	 5414	
num 7	0	  689	105493	31257	26506	13128	
num 7	1	    0	    0	    0	    0	    0	
num 7	2	    0	    0	    0	    0	    0	
num 7	3	    0	    0	    0	    0	    0	
num 7	4	    0	    0	    0	    0	    0	
num 7	5	    0	    0	    0	    0	    0	
num 7	6	    0	    0	    0	    0	    0	
num 7	7	 2916	498961	120749	96265	30521	
num 7	8	 1417	236973	61389	46937	17453	
num 7	9	  992	164219	43045	33194	13494	
num 8	0	  791	120516	36569	30441	14970	
num 8	1	    0	    0	    0	    0	    0	
num 8	2	    0	    0	    0	    0	    0	
num 8	3	    0	    0	    0	    0	    0	
num 8	4	    0	    0	    0	    0	    0	
num 8	5	    0	    0	    0	    0	    0	
num 8	6	    0	    0	    0	    0	    0	
num 8	7	    0	    0	    0	    0	    0	
num 8	8	 3129	534775	129196	103899	33154	
num 9	0	  846	130170	38534	32345	15527	
num 9	1	    0	    0	    0	    0	    0	
num 9	2	    0	    0	    0	    0	    0	
num 9	3	    0	    0	    0	    0	    0	
num 9	4	    0	    0	    0	    0	    0	
num 9	5	    0	    0	    0	    0	    0	
num 9	6	    0	    0	    0	    0	    0	
num 9	7	    0	    0	    0	    0	    0	
num 10	0	  817	126262	37519	30674	14697	
num 10	1	    0	    0	    0	    0	    0	
num 10	2	    0	    0	    0	    0	    0	
num 10	3	    0	    0	    0	    0	    0	
num 10	4	    0	    0	    0	    0	    0	
num 10	5	    0	    0	    0	    0	    0	
num 10	6	    0	    0	    0	    0	    0	
num 11	0	  819	128736	37247	29167	14514	
num 11	1	    0	    0	    0	    0	    0	
num 11	2	    0	    0	    0	    0	    0	
num 11	3	    0	    0	    0	    0	    0	
num 11	4	    0	    0	    0	    0	    0	
num 11	5	    0	    0	    0	    0	    0	
num 12	0	  847	134613	38641	29939	13639	
num 12	1	    0	    0	    0	    0	    0	
num 12	2	    0	    0	    0	    0	    0	
num 12	3	    0	    0	    0	    0	    0	
num 12	4	    0	    0	    0	    0	    0	
num 13	0	  900	147882	38308	30877	13333	
num 13	1	    0	    0	    0	    0	    0	
num 13	2	    0	    0	    0	    0	    0	
num 13	3	    0	    0	    0	    0	    0	
num 14	0	 1014	169043	42582	34157	13802	
num 14	1	    0	    0	    0	    0	    0	
num 14	2	    0	    0	    0	    0	    0	
num 15	0	 1222	202858	52519	42886	14569	
num 15	1	    0	    0	    0	    0	    0	
num 16	0	 1335	226748	55790	44754	14468	

leslie3d       
num 0	0	2061290	279742092	102346111	145600781	 1256	
num 0	1	    0	    0	    0	    0	    0	
num 0	2	    0	    0	    0	    0	    0	
num 0	3	    0	    0	    0	    0	    0	
num 0	4	    3	  292	  225	  216	   35	
num 0	5	    0	    0	    0	    0	    0	
num 0	6	    2	  205	  128	  158	   21	
num 0	7	    0	    0	    0	    0	    0	
num 0	8	30570	3228131	2173235	1212300	1212254	
num 0	9	   23	 2305	 1655	 1011	  917	
num 0	10	   28	 2787	 1938	 1473	  970	
num 0	11	   77	 7272	 5672	 4040	 2728	
num 0	12	 2001	205394	136162	107434	63266	
num 0	13	  285	27736	20727	13236	11261	
num 0	14	 5539	539371	397405	266335	214873	
num 0	15	85508	8243963	6187639	4043440	3415006	
num 0	16	8413404	816868478	602704693	400670022	333588231	
num 1	0	8413404	816868478	602704693	400670022	333588231	
num 1	1	  919	116185	51570	65099	 2410	
num 1	2	    0	    0	    0	    0	    0	
num 1	3	    0	    0	    0	    0	    0	
num 1	4	    0	    0	    0	    0	    0	
num 1	5	    0	    0	    0	    0	    0	
num 1	6	    0	    0	    0	    0	    0	
num 1	7	    0	    0	    0	    0	    0	
num 1	8	   26	 2675	 1954	  996	 1031	
num 1	9	  237	23661	17499	10017	 9495	
num 1	10	  220	22018	16251	 9694	 8357	
num 1	11	  396	40439	27834	18999	14104	
num 1	12	 2368	240372	163639	125258	76939	
num 1	13	 1397	136209	101820	64086	55517	
num 1	14	11544	1123898	836178	542184	453004	
num 1	15	155284	15026160	11235446	7321167	6169931	
num 2	0	6466555	625030944	465762669	307476235	257168232	
num 2	1	    0	    0	    0	    0	    0	
num 2	2	 2564	334079	134797	180136	 7372	
num 2	3	    0	    0	    0	    0	    0	
num 2	4	    4	  488	  239	  257	   40	
num 2	5	    0	    0	    0	    0	    0	
num 2	6	    0	    0	    0	    0	    0	
num 2	7	    0	    0	    0	    0	    0	
num 2	8	    8	  788	  592	  379	  289	
num 2	9	  120	12135	 8956	 5163	 4466	
num 2	10	  774	77464	57154	33202	30324	
num 2	11	 1085	107863	79260	49317	41320	
num 2	12	 3582	367359	249264	181990	118379	
num 2	13	 3287	322084	239959	150057	129372	
num 2	14	19220	1877987	1391260	902742	748331	
num 3	0	4085637	395797198	294598253	193749908	161777713	
num 3	1	    0	    0	    0	    0	    0	
num 3	2	    0	    0	    0	    0	    0	
num 3	3	 2773	358196	151193	185292	15207	
num 3	4	    2	  235	  111	  161	    5	
num 3	5	    1	   87	   79	   77	   13	
num 3	6	    0	    0	    0	    0	    0	
num 3	7	    0	    0	    0	    0	    0	
num 3	8	    7	  737	  472	  406	  177	
num 3	9	   68	 7514	 4613	 3092	 2189	
num 3	10	  354	35656	26166	15582	13220	
num 3	11	 1960	195454	143588	86403	76315	
num 3	12	 3891	392439	278148	184244	141265	
num 3	13	 5597	551982	407227	255844	217779	
num 4	0	2181037	211509990	157647202	102806829	86381451	
num 4	1	    0	    0	    0	    0	    0	
num 4	2	    0	    0	    0	    0	    0	
num 4	3	    0	    0	    0	    0	    0	
num 4	4	20799	2631019	1145793	1433038	114694	
num 4	5	    1	  134	   53	   55	   14	
num 4	6	    3	  383	  163	  162	   60	
num 4	7	    0	    0	    0	    0	    0	
num 4	8	   10	  984	  709	  668	  199	
num 4	9	   24	 2644	 1589	 1233	  678	
num 4	10	  313	34607	20888	15361	 9272	
num 4	11	 1069	109313	76843	48333	39175	
num 4	12	 4285	430437	310202	196080	160241	
num 5	0	1526278	149747738	109230467	73342994	58405969	
num 5	1	    0	    0	    0	    0	    0	
num 5	2	    0	    0	    0	    0	    0	
num 5	3	    0	    0	    0	    0	    0	
num 5	4	    0	    0	    0	    0	    0	
num 5	5	 6140	754239	353361	413533	50707	
num 5	6	    6	  858	  284	  333	   61	
num 5	7	   15	 1960	  839	  854	  187	
num 5	8	   12	 1418	  716	  747	  191	
num 5	9	   58	 7027	 3531	 3008	 1282	
num 5	10	  157	17057	10427	 8867	 3841	
num 5	11	  858	91848	58209	44476	25115	
num 6	0	847536	83292876	60698036	40836196	32142108	
num 6	1	    0	    0	    0	    0	    0	
num 6	2	    0	    0	    0	    0	    0	
num 6	3	    0	    0	    0	    0	    0	
num 6	4	    0	    0	    0	    0	    0	
num 6	5	    0	    0	    0	    0	    0	
num 6	6	42160	5232072	2384333	2829604	346951	
num 6	7	   12	 1649	  664	  581	  178	
num 6	8	   60	 7268	 3510	 3815	  767	
num 6	9	   55	 6248	 3540	 2982	 1310	
num 6	10	  206	22558	13540	12065	 4573	
num 7	0	521317	51504281	37215840	25420686	19316345	
num 7	1	    0	    0	    0	    0	    0	
num 7	2	    0	    0	    0	    0	    0	
num 7	3	    0	    0	    0	    0	    0	
num 7	4	    0	    0	    0	    0	    0	
num 7	5	    0	    0	    0	    0	    0	
num 7	6	    0	    0	    0	    0	    0	
num 7	7	 6489	748436	415336	369496	127916	
num 7	8	   25	 2562	 1704	 1780	  354	
num 7	9	  248	27161	16279	14324	 5724	
num 8	0	274155	27169902	19614598	13206667	10192513	
num 8	1	    0	    0	    0	    0	    0	
num 8	2	    0	    0	    0	    0	    0	
num 8	3	    0	    0	    0	    0	    0	
num 8	4	    0	    0	    0	    0	    0	
num 8	5	    0	    0	    0	    0	    0	
num 8	6	    0	    0	    0	    0	    0	
num 8	7	    0	    0	    0	    0	    0	
num 8	8	260460	31211620	15883338	15203221	4379581	
num 9	0	642134	63904810	46241655	28903268	25336571	
num 9	1	    0	    0	    0	    0	    0	
num 9	2	    0	    0	    0	    0	    0	
num 9	3	    0	    0	    0	    0	    0	
num 9	4	    0	    0	    0	    0	    0	
num 9	5	    0	    0	    0	    0	    0	
num 9	6	    0	    0	    0	    0	    0	
num 9	7	    0	    0	    0	    0	    0	
num 10	0	176394	17630425	12718436	7921726	6886277	
num 10	1	    0	    0	    0	    0	    0	
num 10	2	    0	    0	    0	    0	    0	
num 10	3	    0	    0	    0	    0	    0	
num 10	4	    0	    0	    0	    0	    0	
num 10	5	    0	    0	    0	    0	    0	
num 10	6	    0	    0	    0	    0	    0	
num 11	0	137640	14225920	9485565	7084264	4440091	
num 11	1	    0	    0	    0	    0	    0	
num 11	2	    0	    0	    0	    0	    0	
num 11	3	    0	    0	    0	    0	    0	
num 11	4	    0	    0	    0	    0	    0	
num 11	5	    0	    0	    0	    0	    0	
num 12	0	44599	4608493	3098777	2242263	1467811	
num 12	1	    0	    0	    0	    0	    0	
num 12	2	    0	    0	    0	    0	    0	
num 12	3	    0	    0	    0	    0	    0	
num 12	4	    0	    0	    0	    0	    0	
num 13	0	54631	5839581	3632268	3020228	1493459	
num 13	1	    0	    0	    0	    0	    0	
num 13	2	    0	    0	    0	    0	    0	
num 13	3	    0	    0	    0	    0	    0	
num 14	0	15527	1644219	1052306	820103	458284	
num 14	1	    0	    0	    0	    0	    0	
num 14	2	    0	    0	    0	    0	    0	
num 15	0	10216	1101245	676919	554873	282259	
num 15	1	    0	    0	    0	    0	    0	
num 16	0	 4184	453114	280606	221162	116222	

omnetpp        
num 0	0	22726	4517085	618945	648847	32979	
num 0	1	26341	5177144	741627	749702	74823	
num 0	2	54396	10363420	1718552	1525411	317993	
num 0	3	67753	12612333	2303656	1848533	580246	
num 0	4	45078	8159503	1643206	1233153	504106	
num 0	5	101272	17974036	3925017	2612044	1414535	
num 0	6	39255	6549475	1739635	1084248	675922	
num 0	7	13425	2220932	589460	397109	229299	
num 0	8	23778	3776797	1109197	706323	494851	
num 0	9	 2103	307344	110962	75417	44645	
num 0	10	 1937	265831	110687	74479	44875	
num 0	11	  967	123378	60726	40265	23183	
num 0	12	  204	24821	13408	 8887	 5108	
num 0	13	    0	    0	    0	    0	    0	
num 0	14	    0	    0	    0	    0	    0	
num 0	15	    0	    0	    0	    0	    0	
num 0	16	   11	 1178	  715	  642	  281	
num 1	0	   11	 1178	  715	  642	  281	
num 1	1	120757	23849142	3350849	3457576	256225	
num 1	2	197778	38173333	5970840	5598385	888610	
num 1	3	277895	52392458	9051127	7726776	1970759	
num 1	4	255954	47028348	8989283	6986289	2520304	
num 1	5	272001	48799876	10214028	7211365	3406987	
num 1	6	139853	24234468	5686121	3748266	2133513	
num 1	7	71596	11904412	3151874	2013756	1258534	
num 1	8	62315	10325588	2715612	1738756	1172684	
num 1	9	 5443	818371	276541	182627	115869	
num 1	10	 3166	445017	175508	117782	72189	
num 1	11	  357	51977	18665	13091	 7659	
num 1	12	  816	101305	52270	35280	20041	
num 1	13	    0	    0	    0	    0	    0	
num 1	14	    0	    0	    0	    0	    0	
num 1	15	    1	   92	   79	   48	   37	
num 2	0	   37	 4013	 2410	 2168	  881	
num 2	1	    0	    0	    0	    0	    0	
num 2	2	424075	82580896	12410968	12098057	1473279	
num 2	3	749047	142806835	23558102	21064992	4326103	
num 2	4	904613	168165631	30716440	25050125	7648732	
num 2	5	831337	150686237	30299564	22582537	9253934	
num 2	6	634540	111791691	24850687	17114978	8684884	
num 2	7	299806	51366746	12418876	8202748	4761966	
num 2	8	171059	28581182	7370705	4763212	3076005	
num 2	9	24478	3880806	1141252	771894	472416	
num 2	10	 8514	1264002	435442	291523	188617	
num 2	11	  559	83100	28162	20271	11571	
num 2	12	   28	 4067	 1444	 1049	  608	
num 2	13	    8	  879	  564	  334	  271	
num 2	14	    2	  200	  135	  120	   57	
num 3	0	   54	 5880	 3586	 2784	 1574	
num 3	1	    0	    0	    0	    0	    0	
num 3	2	    0	    0	    0	    0	    0	
num 3	3	974348	187653089	29589392	27650281	4540326	
num 3	4	1750938	329202184	57472267	49077783	12487894	
num 3	5	2119226	388549519	74853144	58386886	20732307	
num 3	6	1654099	295010741	62741711	45347570	20349322	
num 3	7	1128015	195941924	45443772	31007289	16378855	
num 3	8	600311	101877183	25222721	16642751	9936961	
num 3	9	91655	14754053	4200190	2836757	1672680	
num 3	10	27012	4189035	1296286	901545	528206	
num 3	11	 7102	989018	397454	263182	168458	
num 3	12	  199	28528	10659	 7223	 4534	
num 3	13	   14	 1691	  925	  599	  369	
num 4	0	   43	 4630	 2990	 2097	 1291	
num 4	1	    0	    0	    0	    0	    0	
num 4	2	    0	    0	    0	    0	    0	
num 4	3	    0	    0	    0	    0	    0	
num 4	4	1644402	312308425	52193770	46638267	9826450	
num 4	5	2927611	542671300	100115360	81806498	24875258	
num 4	6	3363003	606932103	123715996	93292659	36988010	
num 4	7	2303324	404554654	90344341	64191462	30560487	
num 4	8	1440781	246056181	59826297	40714348	22243110	
num 4	9	409811	67121223	18352699	12291660	7146034	
num 4	10	116391	18330455	5482791	3779526	2203324	
num 4	11	25319	3856107	1246932	864009	514616	
num 4	12	 4601	635070	259292	171627	111867	
num 5	0	  117	13129	 7749	 5881	 3193	
num 5	1	    0	    0	    0	    0	    0	
num 5	2	    0	    0	    0	    0	    0	
num 5	3	    0	    0	    0	    0	    0	
num 5	4	    0	    0	    0	    0	    0	
num 5	5	2158910	404376661	71481257	61011828	15811214	
num 5	6	3593732	655892292	128134991	100920813	35047296	
num 5	7	3718295	660202052	141970766	104753778	44956924	
num 5	8	2426291	418205923	98787046	69351043	34786484	
num 5	9	1018743	168742806	44707871	30618746	16728785	
num 5	10	366969	58635882	16982610	11616740	6708832	
num 5	11	100256	15334016	4940032	3378488	2013000	
num 6	0	  467	55204	29973	22299	12076	
num 6	1	    0	    0	    0	    0	    0	
num 6	2	    0	    0	    0	    0	    0	
num 6	3	    0	    0	    0	    0	    0	
num 6	4	    0	    0	    0	    0	    0	
num 6	5	    0	    0	    0	    0	    0	
num 6	6	2195953	404970869	75975436	62365114	18852549	
num 6	7	3404740	611005000	126541592	96858475	37208373	
num 6	8	3306287	575375758	131722635	95462897	43848182	
num 6	9	1747677	292522182	75171482	52499743	27211905	
num 6	10	852693	137650372	38876427	26774575	14988034	
num 7	0	 1535	189006	95072	69977	38905	
num 7	1	    0	    0	    0	    0	    0	
num 7	2	    0	    0	    0	    0	    0	
num 7	3	    0	    0	    0	    0	    0	
num 7	4	    0	    0	    0	    0	    0	
num 7	5	    0	    0	    0	    0	    0	
num 7	6	    0	    0	    0	    0	    0	
num 7	7	1749456	317401032	63105793	50194037	17159874	
num 7	8	2628851	462340856	102249295	76387082	32008623	
num 7	9	2204088	373608833	92447590	65957375	32232730	
num 8	0	 2450	313249	145996	108324	59631	
num 8	1	    0	    0	    0	    0	    0	
num 8	2	    0	    0	    0	    0	    0	
num 8	3	    0	    0	    0	    0	    0	
num 8	4	    0	    0	    0	    0	    0	
num 8	5	    0	    0	    0	    0	    0	
num 8	6	    0	    0	    0	    0	    0	
num 8	7	    0	    0	    0	    0	    0	
num 8	8	1112465	197512438	42185574	32705798	12387230	
num 9	0	 5755	756641	331616	247385	137638	
num 9	1	    0	    0	    0	    0	    0	
num 9	2	    0	    0	    0	    0	    0	
num 9	3	    0	    0	    0	    0	    0	
num 9	4	    0	    0	    0	    0	    0	
num 9	5	    0	    0	    0	    0	    0	
num 9	6	    0	    0	    0	    0	    0	
num 9	7	    0	    0	    0	    0	    0	
num 10	0	 9300	1254753	523046	390331	212670	
num 10	1	    0	    0	    0	    0	    0	
num 10	2	    0	    0	    0	    0	    0	
num 10	3	    0	    0	    0	    0	    0	
num 10	4	    0	    0	    0	    0	    0	
num 10	5	    0	    0	    0	    0	    0	
num 10	6	    0	    0	    0	    0	    0	
num 11	0	15587	2144959	862489	642732	340092	
num 11	1	    0	    0	    0	    0	    0	
num 11	2	    0	    0	    0	    0	    0	
num 11	3	    0	    0	    0	    0	    0	
num 11	4	    0	    0	    0	    0	    0	
num 11	5	    0	    0	    0	    0	    0	
num 12	0	19671	2780109	1052035	794797	408835	
num 12	1	    0	    0	    0	    0	    0	
num 12	2	    0	    0	    0	    0	    0	
num 12	3	    0	    0	    0	    0	    0	
num 12	4	    0	    0	    0	    0	    0	
num 13	0	19753	2842105	1028892	801468	384303	
num 13	1	    0	    0	    0	    0	    0	
num 13	2	    0	    0	    0	    0	    0	
num 13	3	    0	    0	    0	    0	    0	
num 14	0	17818	2592726	910615	732163	325904	
num 14	1	    0	    0	    0	    0	    0	
num 14	2	    0	    0	    0	    0	    0	
num 15	0	15421	2272472	778001	616424	280879	
num 15	1	    0	    0	    0	    0	    0	
num 16	0	 5920	887228	289543	240541	98208	

cactusADM      
num 0	0	1496130	292398492	29497872	61109390	 3526	
num 0	1	    0	    0	    0	    0	    0	
num 0	2	  819	130669	30174	43997	 4824	
num 0	3	    3	  271	  215	  253	   29	
num 0	4	  888	131360	38870	46743	10355	
num 0	5	    4	  642	  159	  164	   59	
num 0	6	 1509	206088	75507	77810	26899	
num 0	7	    5	  554	  345	  256	  125	
num 0	8	1280756	237324928	31027617	59466904	54087	
num 0	9	    7	  797	  390	  563	   42	
num 0	10	  171	20745	10264	 7723	 5044	
num 0	11	    4	  738	  122	  113	   51	
num 0	12	  116	12605	 7828	 5161	 4102	
num 0	13	    4	  450	  260	  235	   79	
num 0	14	  220	19964	16913	10460	 8983	
num 0	15	 5660	486322	451239	265328	246071	
num 0	16	938273	79179418	74477135	44743346	41797989	
num 1	0	938273	79179418	74477135	44743346	41797989	
num 1	1	 4658	824234	136517	216691	15006	
num 1	2	   86	14449	 2776	 4316	  475	
num 1	3	   72	11520	 2638	 3720	  554	
num 1	4	  135	19602	 6035	 7330	 1593	
num 1	5	  114	16130	 5446	 5919	 1689	
num 1	6	  449	61872	22599	22624	 7849	
num 1	7	   91	11047	 5347	 5038	 1864	
num 1	8	 3021	506131	99869	161364	 6012	
num 1	9	12590	2178243	388468	627737	28592	
num 1	10	  114	14970	 6208	 5241	 2765	
num 1	11	   24	 3311	 1209	 1211	  413	
num 1	12	   75	 8327	 4979	 3434	 2460	
num 1	13	   25	 2937	 1586	 1150	  727	
num 1	14	  183	17875	13544	 8504	 6925	
num 1	15	 6294	557883	494401	294765	264215	
num 2	0	580884	49392627	46241571	27485439	25586667	
num 2	1	    0	    0	    0	    0	    0	
num 2	2	93490	16712876	2599134	4338360	283070	
num 2	3	   77	11879	 3063	 4305	  465	
num 2	4	 1856	290712	71833	97827	14764	
num 2	5	   18	 2304	  967	 1064	  273	
num 2	6	 2232	315531	106438	114308	35115	
num 2	7	   26	 3390	 1433	 1360	  473	
num 2	8	 2383	354774	105984	116127	33163	
num 2	9	  231	36254	 8807	13093	  982	
num 2	10	11229	1868708	388286	569010	48620	
num 2	11	   46	 7734	 1639	 1919	  484	
num 2	12	  362	42310	22514	16804	11044	
num 2	13	   34	 4720	 1749	 1501	  734	
num 2	14	  534	54627	37827	24911	19339	
num 3	0	248664	21628214	19641457	11692380	10695933	
num 3	1	    0	    0	    0	    0	    0	
num 3	2	    0	    0	    0	    0	    0	
num 3	3	10172	1757627	322056	479613	44736	
num 3	4	  219	35517	 8315	10719	 1513	
num 3	5	  311	48047	12549	16407	 2613	
num 3	6	  425	62555	19404	20578	 6263	
num 3	7	   84	11041	 4528	 4347	 1588	
num 3	8	 1061	170312	40768	51447	 9089	
num 3	9	   85	10658	 4848	 4418	 1836	
num 3	10	  449	65459	21014	21591	 6880	
num 3	11	 8429	1388546	297024	435831	36423	
num 3	12	  226	28212	13314	10813	 5517	
num 3	13	  120	15015	 6942	 6004	 2759	
num 4	0	76056	6908720	5867367	3575502	3118747	
num 4	1	    0	    0	    0	    0	    0	
num 4	2	    0	    0	    0	    0	    0	
num 4	3	    0	    0	    0	    0	    0	
num 4	4	94263	16192084	2956925	4532383	449936	
num 4	5	  210	31827	 8728	11756	 1449	
num 4	6	 3075	469313	125344	163146	29397	
num 4	7	  105	15263	 4869	 5488	 1260	
num 4	8	 2053	311542	87875	105389	20762	
num 4	9	   41	 5275	 2234	 2186	  801	
num 4	10	 1067	137493	59612	50464	25583	
num 4	11	  225	33242	 9881	12619	 1858	
num 4	12	10128	1621355	382506	515177	73730	
num 5	0	57463	5603830	4197168	2726790	2182740	
num 5	1	    0	    0	    0	    0	    0	
num 5	2	    0	    0	    0	    0	    0	
num 5	3	    0	    0	    0	    0	    0	
num 5	4	    0	    0	    0	    0	    0	
num 5	5	18387	3024884	659719	886522	135947	
num 5	6	  404	63633	15624	20767	 3400	
num 5	7	  246	35080	11541	13475	 2880	
num 5	8	 1544	258307	53175	76835	 6947	
num 5	9	  436	72516	15522	20342	 3236	
num 5	10	  346	46082	18808	15792	 7894	
num 5	11	  314	43699	15521	15497	 5667	
num 6	0	32181	3351774	2227573	1548543	1110446	
num 6	1	    0	    0	    0	    0	    0	
num 6	2	    0	    0	    0	    0	    0	
num 6	3	    0	    0	    0	    0	    0	
num 6	4	    0	    0	    0	    0	    0	
num 6	5	    0	    0	    0	    0	    0	
num 6	6	113549	18644369	4037917	5440610	945648	
num 6	7	  252	37375	11115	13777	 2245	
num 6	8	 2639	406026	108418	141318	19822	
num 6	9	  869	143902	31123	43392	 4047	
num 6	10	 1367	193851	66264	66281	23556	
num 7	0	59067	6203134	4043555	2849492	2024971	
num 7	1	    0	    0	    0	    0	    0	
num 7	2	    0	    0	    0	    0	    0	
num 7	3	    0	    0	    0	    0	    0	
num 7	4	    0	    0	    0	    0	    0	
num 7	5	    0	    0	    0	    0	    0	
num 7	6	    0	    0	    0	    0	    0	
num 7	7	17938	2935739	651635	854687	150067	
num 7	8	 2663	449486	89043	133036	10163	
num 7	9	 4878	811170	171569	240937	25092	
num 8	0	34946	3893374	2277601	1690849	1084352	
num 8	1	    0	    0	    0	    0	    0	
num 8	2	    0	    0	    0	    0	    0	
num 8	3	    0	    0	    0	    0	    0	
num 8	4	    0	    0	    0	    0	    0	
num 8	5	    0	    0	    0	    0	    0	
num 8	6	    0	    0	    0	    0	    0	
num 8	7	    0	    0	    0	    0	    0	
num 8	8	3142924	598254066	67944353	137557357	832768	
num 9	0	2407147	312207883	131397721	117280206	55343822	
num 9	1	    0	    0	    0	    0	    0	
num 9	2	    0	    0	    0	    0	    0	
num 9	3	    0	    0	    0	    0	    0	
num 9	4	    0	    0	    0	    0	    0	
num 9	5	    0	    0	    0	    0	    0	
num 9	6	    0	    0	    0	    0	    0	
num 9	7	    0	    0	    0	    0	    0	
num 10	0	356766	45887883	19852002	17312729	8279482	
num 10	1	    0	    0	    0	    0	    0	
num 10	2	    0	    0	    0	    0	    0	
num 10	3	    0	    0	    0	    0	    0	
num 10	4	    0	    0	    0	    0	    0	
num 10	5	    0	    0	    0	    0	    0	
num 10	6	    0	    0	    0	    0	    0	
num 11	0	167752	19404867	10455419	8217255	4866971	
num 11	1	    0	    0	    0	    0	    0	
num 11	2	    0	    0	    0	    0	    0	
num 11	3	    0	    0	    0	    0	    0	
num 11	4	    0	    0	    0	    0	    0	
num 11	5	    0	    0	    0	    0	    0	
num 12	0	37078	4190446	2373423	1820862	1107237	
num 12	1	    0	    0	    0	    0	    0	
num 12	2	    0	    0	    0	    0	    0	
num 12	3	    0	    0	    0	    0	    0	
num 12	4	    0	    0	    0	    0	    0	
num 13	0	92827	10323317	5989431	4568783	2882181	
num 13	1	    0	    0	    0	    0	    0	
num 13	2	    0	    0	    0	    0	    0	
num 13	3	    0	    0	    0	    0	    0	
num 14	0	18929	2280631	1132980	925022	507191	
num 14	1	    0	    0	    0	    0	    0	
num 14	2	    0	    0	    0	    0	    0	
num 15	0	89586	11557424	4849385	4589351	1937856	
num 15	1	    0	    0	    0	    0	    0	
num 16	0	 8017	1049898	430286	403472	168696	

hmmer          
num 0	0	   24	 3610	  919	 1468	  147	
num 0	1	    0	    0	    0	    0	    0	
num 0	2	    0	    0	    0	    0	    0	
num 0	3	    0	    0	    0	    0	    0	
num 0	4	    0	    0	    0	    0	    0	
num 0	5	    0	    0	    0	    0	    0	
num 0	6	    0	    0	    0	    0	    0	
num 0	7	    0	    0	    0	    0	    0	
num 0	8	    2	  232	  134	  120	   26	
num 0	9	    0	    0	    0	    0	    0	
num 0	10	    0	    0	    0	    0	    0	
num 0	11	    1	  150	   53	   30	   23	
num 0	12	    6	  918	  287	  184	  147	
num 0	13	   23	 3563	  982	  805	  538	
num 0	14	   58	 8899	 2463	 2162	 1324	
num 0	15	  200	31171	 8336	 6753	 4940	
num 0	16	  825	126356	35162	28374	21308	
num 1	0	  825	126356	35162	28374	21308	
num 1	1	    5	  788	  192	  271	   29	
num 1	2	    0	    0	    0	    0	    0	
num 1	3	    0	    0	    0	    0	    0	
num 1	4	    0	    0	    0	    0	    0	
num 1	5	    0	    0	    0	    0	    0	
num 1	6	    2	  262	  126	   79	   45	
num 1	7	    0	    0	    0	    0	    0	
num 1	8	    2	  325	   84	   63	   40	
num 1	9	    4	  582	  201	  142	   99	
num 1	10	    2	  306	   82	   72	   52	
num 1	11	   14	 2138	  583	  540	  323	
num 1	12	   48	 7352	 1993	 1867	 1076	
num 1	13	  136	21057	 5811	 4855	 3093	
num 1	14	  389	60174	16697	13826	 8887	
num 1	15	 1135	176101	47636	40076	26747	
num 2	0	 3220	494259	138426	110855	80780	
num 2	1	    0	    0	    0	    0	    0	
num 2	2	    4	  613	  171	  212	   28	
num 2	3	    0	    0	    0	    0	    0	
num 2	4	    1	  135	   43	   71	    7	
num 2	5	    2	  317	   76	   57	   62	
num 2	6	    0	    0	    0	    0	    0	
num 2	7	    4	  617	  182	  146	   79	
num 2	8	    7	 1057	  302	  276	  157	
num 2	9	   15	 2281	  692	  537	  330	
num 2	10	   22	 3341	  962	  833	  496	
num 2	11	   51	 7880	 2181	 1771	 1224	
num 2	12	  152	23445	 6412	 5595	 3460	
num 2	13	  454	69869	19542	16547	10266	
num 2	14	 1365	211141	58191	49189	30919	
num 3	0	 7601	1171241	324375	264648	185592	
num 3	1	    0	    0	    0	    0	    0	
num 3	2	    0	    0	    0	    0	    0	
num 3	3	   13	 1866	  599	  560	  303	
num 3	4	    1	  151	   45	   59	    1	
num 3	5	    2	  298	   95	   55	   64	
num 3	6	    2	  310	   83	   69	   50	
num 3	7	   10	 1528	  444	  343	  245	
num 3	8	   16	 2412	  752	  551	  381	
num 3	9	   34	 4998	 1649	 1269	  788	
num 3	10	   88	13575	 3774	 3161	 2018	
num 3	11	  216	33145	 9261	 7878	 5012	
num 3	12	  423	65037	18090	15321	 9840	
num 3	13	 1120	172461	48584	40294	25381	
num 4	0	12866	1985482	547449	453627	307138	
num 4	1	    0	    0	    0	    0	    0	
num 4	2	    0	    0	    0	    0	    0	
num 4	3	    0	    0	    0	    0	    0	
num 4	4	   27	 4149	 1122	 1235	  406	
num 4	5	    5	  797	  191	  169	  123	
num 4	6	   14	 2122	  656	  469	  337	
num 4	7	   18	 2754	  816	  609	  429	
num 4	8	   43	 6618	 1832	 1521	 1037	
num 4	9	   84	12856	 3643	 3041	 1964	
num 4	10	  213	32577	 9274	 7766	 4911	
num 4	11	  428	65556	18500	15475	10037	
num 4	12	 1036	158496	44967	37667	24086	
num 5	0	18200	2812427	774647	644379	427747	
num 5	1	    0	    0	    0	    0	    0	
num 5	2	    0	    0	    0	    0	    0	
num 5	3	    0	    0	    0	    0	    0	
num 5	4	    0	    0	    0	    0	    0	
num 5	5	   72	11087	 2989	 3288	 1068	
num 5	6	   15	 2235	  711	  600	  294	
num 5	7	   25	 3777	 1118	  955	  550	
num 5	8	   75	11657	 3174	 2694	 1675	
num 5	9	  182	28275	 7653	 6255	 4409	
num 5	10	  389	59253	16986	14035	 9310	
num 5	11	  804	123044	34950	29025	18805	
num 6	0	21044	3248724	897309	749323	491908	
num 6	1	    0	    0	    0	    0	    0	
num 6	2	    0	    0	    0	    0	    0	
num 6	3	    0	    0	    0	    0	    0	
num 6	4	    0	    0	    0	    0	    0	
num 6	5	    0	    0	    0	    0	    0	
num 6	6	  109	16669	 4533	 5074	 1628	
num 6	7	   30	 4634	 1264	 1145	  637	
num 6	8	   85	12808	 3807	 3222	 1923	
num 6	9	  183	28188	 7744	 6568	 4348	
num 6	10	  461	70714	20045	16287	10970	
num 7	0	21201	3275868	902226	756806	492556	
num 7	1	    0	    0	    0	    0	    0	
num 7	2	    0	    0	    0	    0	    0	
num 7	3	    0	    0	    0	    0	    0	
num 7	4	    0	    0	    0	    0	    0	
num 7	5	    0	    0	    0	    0	    0	
num 7	6	    0	    0	    0	    0	    0	
num 7	7	  275	41628	11767	12986	 4019	
num 7	8	   52	 7940	 2349	 1874	 1149	
num 7	9	  212	32089	 9322	 7990	 4871	
num 8	0	18698	2883158	799941	670661	432928	
num 8	1	    0	    0	    0	    0	    0	
num 8	2	    0	    0	    0	    0	    0	
num 8	3	    0	    0	    0	    0	    0	
num 8	4	    0	    0	    0	    0	    0	
num 8	5	    0	    0	    0	    0	    0	
num 8	6	    0	    0	    0	    0	    0	
num 8	7	    0	    0	    0	    0	    0	
num 8	8	  376	56687	15899	18195	 5475	
num 9	0	14191	2187571	606809	507218	331298	
num 9	1	    0	    0	    0	    0	    0	
num 9	2	    0	    0	    0	    0	    0	
num 9	3	    0	    0	    0	    0	    0	
num 9	4	    0	    0	    0	    0	    0	
num 9	5	    0	    0	    0	    0	    0	
num 9	6	    0	    0	    0	    0	    0	
num 9	7	    0	    0	    0	    0	    0	
num 10	0	 9917	1529605	423667	354172	231308	
num 10	1	    0	    0	    0	    0	    0	
num 10	2	    0	    0	    0	    0	    0	
num 10	3	    0	    0	    0	    0	    0	
num 10	4	    0	    0	    0	    0	    0	
num 10	5	    0	    0	    0	    0	    0	
num 10	6	    0	    0	    0	    0	    0	
num 11	0	 5954	916989	255121	212003	140111	
num 11	1	    0	    0	    0	    0	    0	
num 11	2	    0	    0	    0	    0	    0	
num 11	3	    0	    0	    0	    0	    0	
num 11	4	    0	    0	    0	    0	    0	
num 11	5	    0	    0	    0	    0	    0	
num 12	0	 3135	483538	133799	110756	74467	
num 12	1	    0	    0	    0	    0	    0	
num 12	2	    0	    0	    0	    0	    0	
num 12	3	    0	    0	    0	    0	    0	
num 12	4	    0	    0	    0	    0	    0	
num 13	0	 1437	220912	61659	51592	33709	
num 13	1	    0	    0	    0	    0	    0	
num 13	2	    0	    0	    0	    0	    0	
num 13	3	    0	    0	    0	    0	    0	
num 14	0	  512	78423	22233	18221	12195	
num 14	1	    0	    0	    0	    0	    0	
num 14	2	    0	    0	    0	    0	    0	
num 15	0	  184	28103	 7997	 6751	 4253	
num 15	1	    0	    0	    0	    0	    0	
num 16	0	   63	 9473	 2793	 2609	 1253	

