sphinx3        
num 0	0	41030	4250892	2727483	3442494	82811	
num 0	1	    5	  730	  271	  213	   66	
num 0	2	   14	 1483	  895	 1043	  163	
num 0	3	   41	 4073	 2859	 3202	  362	
num 0	4	   44	 4566	 3087	 3126	  485	
num 0	5	   25	 2485	 1794	 1788	  333	
num 0	6	  109	11099	 7555	 7589	 1661	
num 0	7	  298	31005	20559	19980	 4744	
num 0	8	68541	7009283	4974203	4293924	1269086	
num 0	9	    0	    0	    0	    0	    0	
num 0	10	    0	    0	    0	    0	    0	
num 0	11	    0	    0	    0	    0	    0	
num 0	12	    0	    0	    0	    0	    0	
num 0	13	   44	 4176	 3197	 2093	 1798	
num 0	14	  922	88277	65825	42746	39184	
num 0	15	48228	4594566	3430627	2282241	2038934	
num 0	16	1909311	180142989	135749299	93460680	79430648	
num 1	0	 3971	417894	266222	311908	20552	
num 1	1	   53	 5118	 3753	 4144	  553	
num 1	2	   64	 6671	 4416	 4656	  641	
num 1	3	  140	14860	 9430	10058	 1492	
num 1	4	   85	 8386	 6191	 6008	 1175	
num 1	5	  202	20357	14466	13840	 3049	
num 1	6	  583	59698	41618	39011	 8921	
num 1	7	18284	1892755	1305863	1171600	310486	
num 1	8	   35	 3255	 2786	 2171	  748	
num 1	9	    2	  177	  153	  140	   42	
num 1	10	    0	    0	    0	    0	    0	
num 1	11	    0	    0	    0	    0	    0	
num 1	12	   25	 2409	 1727	 1353	  911	
num 1	13	 1634	156835	117049	76275	68145	
num 1	14	75630	7231389	5382375	3555222	3192294	
num 1	15	2407523	228268369	171107786	116110129	100839604	
num 2	0	 9156	952364	625431	704533	61608	
num 2	1	  260	27833	17518	18718	 2491	
num 2	2	  406	42838	27789	28879	 4430	
num 2	3	  372	38362	26130	25893	 4847	
num 2	4	  629	64462	44662	43304	 8596	
num 2	5	 1354	141376	94974	89671	20603	
num 2	6	27323	2814757	1961942	1766682	451307	
num 2	7	   53	 5315	 3900	 3283	 1070	
num 2	8	  110	11811	 7720	 6528	 2101	
num 2	9	    6	  829	  344	  230	  133	
num 2	10	   25	 2521	 1914	 1389	  576	
num 2	11	   77	 7432	 5644	 4028	 2608	
num 2	12	 2064	197542	148674	98683	83485	
num 2	13	61606	5905453	4388415	2894240	2583028	
num 2	14	1672674	159243707	118952981	79680409	70327447	
num 3	0	18234	1883842	1248942	1405252	129868	
num 3	1	  850	89427	58193	60687	 9293	
num 3	2	 1212	128287	83719	83567	14699	
num 3	3	 1773	178734	127418	123576	24160	
num 3	4	 2200	224703	156479	150721	31297	
num 3	5	12298	1269694	873356	808357	196881	
num 3	6	  437	43548	31894	28706	 7724	
num 3	7	  301	30421	21518	19532	 5585	
num 3	8	  117	12131	 8412	 6886	 2523	
num 3	9	   65	 6534	 4697	 4032	 1377	
num 3	10	  250	24964	18031	13155	 7850	
num 3	11	 1865	180126	135919	94757	66638	
num 3	12	39278	3774231	2814595	1865365	1600977	
num 3	13	824979	78777701	58785395	39032102	34599426	
num 4	0	22544	2336684	1547147	1714117	173316	
num 4	1	 1695	178322	117133	118946	19519	
num 4	2	 2326	238856	164858	161595	30147	
num 4	3	 3988	411662	282117	272285	54864	
num 4	4	19421	2005321	1373258	1317477	275720	
num 4	5	 1535	161034	108852	96490	26584	
num 4	6	 1363	136309	99693	86602	26324	
num 4	7	  710	70878	52893	43503	14486	
num 4	8	  919	90646	66323	51276	27019	
num 4	9	  516	51141	37478	29350	14127	
num 4	10	 2743	265495	200351	148759	87603	
num 4	11	22457	2163143	1624978	1131841	829030	
num 4	12	331583	31744545	23715888	15832613	13592202	
num 5	0	18006	1844385	1248272	1341354	175525	
num 5	1	 3049	314755	213684	214595	37510	
num 5	2	 4550	466976	321273	313591	62960	
num 5	3	19270	1973111	1367419	1325704	266886	
num 5	4	 2732	281531	196194	175077	46590	
num 5	5	 3628	372004	261718	228873	66173	
num 5	6	 2211	227346	159129	136137	43404	
num 5	7	 1622	163915	118181	95204	37932	
num 5	8	 7150	710439	516199	391002	212760	
num 5	9	 4631	455480	335076	256776	138204	
num 5	10	21991	2136040	1597978	1190476	705202	
num 5	11	134307	12898261	9684273	6738290	5061768	
num 6	0	36650	3769040	2536239	2740857	336264	
num 6	1	 4059	417788	286207	280518	54591	
num 6	2	13657	1411829	961570	935680	187113	
num 6	3	 4885	503305	347898	318327	81030	
num 6	4	 6401	657863	457935	409677	113181	
num 6	5	 5364	544294	389317	337756	101817	
num 6	6	 3822	386609	277454	230469	83900	
num 6	7	 7399	735576	533331	414517	210720	
num 6	8	50499	5002098	3635863	2764826	1524957	
num 6	9	28651	2799075	2080608	1608523	846450	
num 6	10	94811	9166014	6888359	5185103	3032140	
num 7	0	34115	3492074	2357796	2549789	333781	
num 7	1	 8846	912859	623721	610665	117331	
num 7	2	 6541	662783	469277	438475	103961	
num 7	3	 8483	877466	605676	541106	147400	
num 7	4	 9300	939436	675390	595547	170427	
num 7	5	 6877	694885	498519	426720	140388	
num 7	6	 8261	817744	599616	477779	219677	
num 7	7	41218	4067148	2972586	2279590	1232484	
num 7	8	275603	27186106	19815933	15242775	8309554	
num 7	9	104420	10179987	7564496	5891056	3095981	
num 8	0	145269	14953208	9901829	11254097	1079730	
num 8	1	 6274	647781	444309	419569	94485	
num 8	2	 9004	923590	645311	582152	153971	
num 8	3	10890	1108250	785536	696127	197927	
num 8	4	11035	1105980	805669	696397	216914	
num 8	5	 9938	994894	719516	588132	241586	
num 8	6	35949	3558487	2590279	2027630	1026548	
num 8	7	187683	18540181	13483189	10420977	5602501	
num 8	8	861874	84583007	61937337	48302999	25816401	
num 9	0	13383	1349459	945190	958581	172818	
num 9	1	 5946	606304	425014	394039	96819	
num 9	2	 8779	891067	633742	567243	155372	
num 9	3	11753	1192437	849723	741103	225505	
num 9	4	11811	1182202	852920	719796	268698	
num 9	5	25391	2524918	1822106	1447233	705839	
num 9	6	136563	13516114	9774234	7715830	3953950	
num 9	7	465143	45832802	33309318	26173305	13761183	
num 10	0	10885	1089188	773720	770586	153066	
num 10	1	 4656	474396	333629	303728	80183	
num 10	2	 7991	807269	579300	508524	150603	
num 10	3	11887	1196994	853543	726382	266153	
num 10	4	27122	2688019	1938204	1594904	722105	
num 10	5	82841	8205435	5912738	4725732	2363391	
num 10	6	320490	31634356	22911811	18315812	9183461	
num 11	0	 8384	834287	593983	586501	131533	
num 11	1	 3650	376395	258951	231233	67821	
num 11	2	 7688	773635	550857	477195	166441	
num 11	3	24853	2463212	1768762	1485626	644768	
num 11	4	77610	7669826	5518203	4570014	2110117	
num 11	5	172344	17006621	12285329	9938371	4889743	
num 12	0	16346	1644116	1128111	1155801	256548	
num 12	1	 3762	378826	269129	233789	81328	
num 12	2	15852	1582343	1121944	953490	400335	
num 12	3	67115	6630782	4752865	4029952	1767841	
num 12	4	156568	15407730	11120066	9330916	4222696	
num 13	0	51602	5218521	3505780	3642821	842990	
num 13	1	 7990	801954	561425	488107	193954	
num 13	2	41065	4066016	2898593	2488865	1059166	
num 13	3	122955	12096032	8703699	7459435	3217314	
num 14	0	172530	17397312	11690487	12266128	2813753	
num 14	1	19754	1973914	1381070	1224529	477511	
num 14	2	70130	6921697	4938404	4295587	1797592	
num 15	0	438636	44066565	29708558	31508974	7006719	
num 15	1	31774	3158695	2220433	1985541	769475	
num 16	0	700161	70197995	47416153	50587556	11039512	

zeusmp         
num 0	0	8458204	1932605409	61320085	171367726	 7004	
num 0	1	   13	 3109	   49	  160	   10	
num 0	2	  264	56843	 2438	 7748	  555	
num 0	3	   11	 2646	    0	  170	    0	
num 0	4	  135	26512	 2474	 4883	  691	
num 0	5	    1	  206	   27	   12	   11	
num 0	6	  116	21033	 3034	 4386	 1243	
num 0	7	    2	  472	    0	   40	    0	
num 0	8	326084	65113439	2998472	15357672	 7921	
num 0	9	   37	 7178	  482	 1646	  166	
num 0	10	  102	16940	 3335	 4359	 1478	
num 0	11	    0	    0	    0	    0	    0	
num 0	12	  115	17732	 4308	 5547	 1853	
num 0	13	    0	    0	    0	    0	    0	
num 0	14	  576	91783	18516	29599	 7558	
num 0	15	  522	44883	41820	24267	22662	
num 0	16	777087	104960195	35257858	43007547	15708672	
num 1	0	49263	11269239	360957	966963	14169	
num 1	1	  258	57803	 2133	 5752	  360	
num 1	2	  116	25813	  829	 2955	   99	
num 1	3	   40	 8628	  527	  949	  136	
num 1	4	   13	 2312	  417	  442	  157	
num 1	5	   18	 3100	  632	  631	  245	
num 1	6	   30	 4728	 1156	 1309	  487	
num 1	7	33662	6824901	272734	1519223	  614	
num 1	8	64771	12854917	672392	2931403	122664	
num 1	9	   48	 7438	 1869	 2132	  849	
num 1	10	   18	 2521	  946	  628	  513	
num 1	11	   27	 3238	 1670	 1190	  814	
num 1	12	    9	 1000	  604	  385	  315	
num 1	13	   55	 6424	 3427	 2506	 1723	
num 1	14	 1015	99269	73433	49265	37873	
num 1	15	135706	14198942	8971853	7049854	4520087	
num 2	0	106177	23189935	1186423	2646456	158498	
num 2	1	  594	134412	 3211	14289	  152	
num 2	2	  726	151113	 9032	23733	 1978	
num 2	3	   60	13043	  566	 1631	  120	
num 2	4	  542	105544	 9780	20512	 2916	
num 2	5	   15	 2322	  647	  673	  198	
num 2	6	 4006	805420	38970	176103	 5043	
num 2	7	 8502	1671124	95028	387395	22965	
num 2	8	 8555	1610948	132750	409398	36984	
num 2	9	   43	 6786	 1474	 2229	  519	
num 2	10	  218	33271	 8562	10220	 3755	
num 2	11	   10	 1262	  610	  389	  299	
num 2	12	 1471	238996	45716	73211	18653	
num 2	13	  700	72010	49021	33190	24979	
num 2	14	111195	14299819	5640642	5892628	2632831	
num 3	0	98327	22162480	749153	2210804	49275	
num 3	1	  835	182934	 6253	23804	  769	
num 3	2	  505	113086	 3885	11882	  427	
num 3	3	  195	39150	 3357	 6518	  895	
num 3	4	  392	82072	 2927	15003	  350	
num 3	5	 1695	355350	11216	66692	  662	
num 3	6	   35	 5951	 1162	 1345	  502	
num 3	7	  102	18242	 2913	 3807	 1150	
num 3	8	 2028	374428	36365	100377	 7998	
num 3	9	   49	 7033	 2327	 2066	 1118	
num 3	10	   33	 4166	 1919	 1486	  877	
num 3	11	  118	14020	 7209	 5467	 3512	
num 3	12	  794	82075	55598	37112	28479	
num 3	13	19838	2161479	1282821	1001221	633007	
num 4	0	113319	24139633	1561789	3001641	306601	
num 4	1	  123	26392	 1317	 3582	  197	
num 4	2	  958	196328	12368	33654	 2898	
num 4	3	 1519	314428	11188	62931	  317	
num 4	4	 1772	359834	19791	69306	 4701	
num 4	5	   71	14484	  936	 2497	  259	
num 4	6	  693	122973	17504	30248	 6683	
num 4	7	   65	11756	 1424	 2981	  479	
num 4	8	 1345	220226	40621	73363	10110	
num 4	9	   47	 6781	 2054	 2313	  884	
num 4	10	 1404	230198	43825	67551	17850	
num 4	11	  532	56074	36891	24489	18738	
num 4	12	33974	4651176	1571179	1764375	710614	
num 5	0	21766	4402058	361781	714953	93304	
num 5	1	  936	197052	 9675	31491	 1398	
num 5	2	 1290	275045	 9348	45221	  626	
num 5	3	 6407	1350058	41847	246106	 2181	
num 5	4	  359	70666	 4488	15662	 1088	
num 5	5	   48	 8573	 1387	 1751	  577	
num 5	6	   57	 8607	 2380	 2617	  988	
num 5	7	  126	19069	 4980	 6298	 1909	
num 5	8	 1233	196947	39139	68497	11065	
num 5	9	  235	30136	12514	11950	 5560	
num 5	10	 1092	123045	70718	50357	35432	
num 5	11	 9909	1262621	520750	509811	243522	
num 6	0	115024	22772501	2107993	4015783	549867	
num 6	1	 2354	502476	16854	82690	  604	
num 6	2	 5902	1234317	48085	224244	 4266	
num 6	3	 2602	510756	32472	114696	 8188	
num 6	4	  375	63255	12167	16042	 4536	
num 6	5	  135	22956	 4059	 6106	 1439	
num 6	6	  465	73445	17028	21451	 7116	
num 6	7	  240	35094	10367	12144	 3835	
num 6	8	 6161	912734	249365	319552	95565	
num 6	9	 1721	203104	103370	83620	50482	
num 6	10	29297	4199352	1252410	1498810	549460	
num 7	0	182767	38136786	1596682	6910966	143918	
num 7	1	 6417	1347891	54738	234975	 5148	
num 7	2	 4089	820281	53195	162250	11058	
num 7	3	 3422	660744	59052	139183	17053	
num 7	4	 1898	346990	41615	83986	13297	
num 7	5	 2597	464259	60374	119784	20415	
num 7	6	 2617	437926	77165	125287	29574	
num 7	7	 3791	589040	135432	192218	53806	
num 7	8	44514	6375121	1917316	2286422	816725	
num 7	9	102303	16531583	3032787	5406403	1218795	
num 8	0	2656538	547797372	22618022	108982048	676286	
num 8	1	10194	1995702	154250	436116	23596	
num 8	2	 8030	1481172	169167	365740	39601	
num 8	3	23849	4527922	397836	1094675	84911	
num 8	4	14929	2700391	323279	706794	91360	
num 8	5	13802	2447264	322772	660465	102811	
num 8	6	15680	2655384	433628	771591	153477	
num 8	7	61617	10433560	1645715	3123209	571468	
num 8	8	1213556	203105124	32491617	63881551	11192044	
num 9	0	255283	51053319	3093304	10374015	831810	
num 9	1	 3210	617980	53621	136477	13682	
num 9	2	 2831	524222	58153	125611	16750	
num 9	3	 5674	1040333	119836	254030	38345	
num 9	4	 3620	634221	92885	166097	33517	
num 9	5	 3715	621083	110293	175782	43882	
num 9	6	12550	2042425	403955	601864	164556	
num 9	7	106655	16743565	3666089	5453143	1440883	
num 10	0	88926	16210749	2281822	3485388	787097	
num 10	1	  242	43291	 6277	10710	 1674	
num 10	2	 1055	192556	24060	45532	 7932	
num 10	3	  450	77159	14122	18890	 5029	
num 10	4	 2919	521110	74717	123433	28004	
num 10	5	 1235	161905	66938	57384	29933	
num 10	6	48066	7237155	1881985	2410107	775649	
num 11	0	23709	4023034	801198	928434	316838	
num 11	1	  329	60539	 7184	14231	 2270	
num 11	2	  304	53524	 8994	11947	 3359	
num 11	3	 2415	437260	57821	101952	21207	
num 11	4	 2881	427591	131280	120186	58479	
num 11	5	 8373	1333698	301683	383318	124789	
num 12	0	90246	15586152	2742426	3751855	1022543	
num 12	1	  125	20891	 4436	 4978	 1695	
num 12	2	 3795	727252	72803	148509	22956	
num 12	3	 2191	344950	90396	87453	38097	
num 12	4	23522	3814664	817420	1054537	335011	
num 13	0	41479	6250002	1898485	1681153	788984	
num 13	1	 2193	428315	38039	83559	11495	
num 13	2	 3980	675147	129920	162045	51768	
num 13	3	14906	2473654	481831	663655	196796	
num 14	0	355137	59683865	11420050	15449732	4361425	
num 14	1	 1828	317168	56916	71705	22179	
num 14	2	23784	4142222	674495	1016966	255021	
num 15	0	453357	64618417	22648266	18794510	9998199	
num 15	1	10552	1930115	253223	425804	92170	
num 16	0	4629951	776674073	139230701	217206316	52156366	

GemsFDTD       
num 0	0	16221433	3640532787	214481817	297342944	329300	
num 0	1	    0	    0	    0	    0	    0	
num 0	2	  710	100103	34894	42764	 3999	
num 0	3	    3	  496	  129	  117	   26	
num 0	4	  618	82000	33357	35829	 7022	
num 0	5	    2	  353	   84	   38	   37	
num 0	6	  554	67316	33121	32012	 9375	
num 0	7	    5	  437	  371	  352	  120	
num 0	8	 1112	111448	79784	58505	34935	
num 0	9	    2	  194	  134	  126	   58	
num 0	10	  527	55271	36145	28689	14807	
num 0	11	   12	 1276	  842	  598	  356	
num 0	12	 1856	179181	133556	100166	62233	
num 0	13	  211	18864	16091	10915	 8146	
num 0	14	38277	3471114	2863269	2008337	1456192	
num 0	15	102789	9120246	7843674	4868023	4482041	
num 0	16	19939759	1765589041	1517808980	956818884	864361399	
num 1	0	 7909	1301199	311899	392603	19003	
num 1	1	   60	 6875	 3592	 4552	  341	
num 1	2	   57	 7454	 3081	 3640	  417	
num 1	3	  116	14806	 6662	 6945	 1283	
num 1	4	   48	 6031	 2831	 2781	  645	
num 1	5	  145	17762	 8443	 8476	 2439	
num 1	6	   48	 5384	 3062	 2900	  942	
num 1	7	  217	23504	14502	12177	 5369	
num 1	8	   79	 8110	 5483	 4200	 2431	
num 1	9	  196	20114	13589	10965	 5508	
num 1	10	   82	 7582	 6091	 4754	 2565	
num 1	11	 1024	97452	74451	56282	33959	
num 1	12	 1854	170034	137302	101269	66019	
num 1	13	22040	2000674	1653335	1143977	844254	
num 1	14	175425	15587175	13370811	8528402	7422412	
num 1	15	10997492	975103365	838186865	524165703	477902019	
num 2	0	159764	25894570	6351551	8310501	342962	
num 2	1	    5	  803	  230	  209	   38	
num 2	2	 1409	187101	74656	87439	11508	
num 2	3	    9	 1119	  525	  540	  120	
num 2	4	 1265	159778	72029	74104	17929	
num 2	5	   12	 1320	  775	  725	  252	
num 2	6	 1179	137208	73102	68314	23200	
num 2	7	   25	 2706	 1636	 1360	  698	
num 2	8	 1119	118897	75701	62938	28928	
num 2	9	   36	 3616	 2577	 1875	 1148	
num 2	10	 2198	216924	156489	121727	67548	
num 2	11	 1392	127182	103413	75774	49983	
num 2	12	53470	4883481	3972613	2903587	1928639	
num 2	13	116993	10403724	8930408	5689048	4927028	
num 2	14	6097298	541033132	464476238	295643190	259755728	
num 3	0	19339	3291247	714826	883510	61201	
num 3	1	  121	18040	 5629	 6289	 1018	
num 3	2	  125	16241	 6917	 7570	 1272	
num 3	3	  240	28578	14423	15261	 3178	
num 3	4	  117	14907	 6835	 6319	 1891	
num 3	5	  294	32623	19198	17668	 5775	
num 3	6	  121	14032	 7799	 6522	 2623	
num 3	7	  327	35308	22051	17987	 8366	
num 3	8	  323	33029	22538	17237	 9884	
num 3	9	  849	85259	60167	46149	25769	
num 3	10	 1663	155128	122420	91869	56311	
num 3	11	28223	2578083	2099711	1531253	1016041	
num 3	12	127697	11473909	9649567	6495186	5071770	
num 3	13	2290600	203505394	174617862	111566670	96703674	
num 4	0	148394	23061650	6377280	7914552	635382	
num 4	1	   14	 1874	  705	  895	  110	
num 4	2	 1568	202185	86197	96235	16791	
num 4	3	   26	 3027	 1637	 1545	  447	
num 4	4	 1423	173542	83919	83645	23182	
num 4	5	   29	 2760	 2072	 1983	  609	
num 4	6	 1299	145993	83434	74452	28665	
num 4	7	  115	12203	 7821	 5965	 3451	
num 4	8	 3004	307874	208226	169198	83726	
num 4	9	  862	80335	63851	47437	29049	
num 4	10	22173	2064826	1631414	1226041	754007	
num 4	11	71094	6413860	5362802	3635171	2788231	
num 4	12	1680095	150895063	126752866	85689461	66766930	
num 5	0	17187	2579131	791147	918370	111224	
num 5	1	  118	15530	 6457	 6975	 1246	
num 5	2	  223	28240	12861	12899	 3088	
num 5	3	  232	28319	13923	13587	 3563	
num 5	4	  183	21569	11167	10946	 3166	
num 5	5	  323	36620	20758	18374	 6936	
num 5	6	  502	54550	32943	29199	11820	
num 5	7	  988	101135	68568	55969	27256	
num 5	8	 2016	194553	146263	107743	67537	
num 5	9	 8720	814569	641820	479237	296694	
num 5	10	60840	5537908	4556560	3232125	2248447	
num 5	11	676944	61017654	50977926	34808533	26493551	
num 6	0	146479	22407262	6493442	7651809	946111	
num 6	1	   37	 4366	 2199	 2398	  509	
num 6	2	 1668	209111	95755	100217	21925	
num 6	3	   45	 4770	 3115	 2842	  793	
num 6	4	 1554	184091	94661	89802	29270	
num 6	5	  180	19131	12016	10622	 4311	
num 6	6	 3737	400645	247956	221294	86777	
num 6	7	  886	85671	64477	47905	28763	
num 6	8	17347	1666839	1257488	958702	557803	
num 6	9	27074	2467128	2029777	1442264	991775	
num 6	10	522774	47770013	38970331	27892050	19197750	
num 7	0	23826	3527612	1127547	1242871	201426	
num 7	1	  184	21672	11379	11054	 2999	
num 7	2	  361	42720	22322	20886	 6488	
num 7	3	  394	44579	25323	23067	 7895	
num 7	4	 1083	117991	71582	64002	23673	
num 7	5	 1027	108096	69730	59782	25304	
num 7	6	 2214	228731	152610	127897	57546	
num 7	7	 5764	555261	418864	316951	184508	
num 7	8	59200	5435488	4440917	3125577	2153218	
num 7	9	178806	16332588	13354885	9548714	6538149	
num 8	0	227646	31542745	11886134	12199611	2648886	
num 8	1	 1387	146542	95967	79574	32989	
num 8	2	 3222	364267	207528	187927	65110	
num 8	3	 1484	148874	106974	83716	40340	
num 8	4	 6719	735105	440059	396797	148103	
num 8	5	 2034	197346	149517	110922	62919	
num 8	6	16442	1668135	1141884	965805	433328	
num 8	7	21257	1959130	1587782	1142415	752465	
num 8	8	476542	43929259	35691816	24921604	17452073	
num 9	0	30900	4327470	1586554	1648982	347394	
num 9	1	  266	31998	16445	14742	 4911	
num 9	2	 1417	158611	89801	89931	24409	
num 9	3	 1040	112506	68907	62832	21995	
num 9	4	 3274	344198	220729	201419	71798	
num 9	5	 4063	412389	283119	239080	105540	
num 9	6	29525	2860105	2114395	1730670	853230	
num 9	7	102893	9550572	7634192	5536309	3619535	
num 10	0	145630	20523985	7336241	7787642	1633412	
num 10	1	  219	23303	14694	14266	 3801	
num 10	2	 6366	744226	387426	394480	103564	
num 10	3	  878	90956	60279	54650	18883	
num 10	4	19054	2019288	1266521	1182308	409707	
num 10	5	 7969	768363	575022	470432	226247	
num 10	6	205333	20167384	14527517	11904207	5966140	
num 11	0	93451	11482401	5528305	5402748	1510002	
num 11	1	  617	71887	38041	37872	10152	
num 11	2	 4531	490060	296192	291100	82584	
num 11	3	 3736	393878	251651	228546	82341	
num 11	4	33487	3333066	2336997	2071229	831380	
num 11	5	41512	4047823	2957007	2431228	1191014	
num 12	0	389163	48011177	22683449	22727448	6203654	
num 12	1	  595	68448	37010	37026	 9836	
num 12	2	22994	2496014	1488888	1487339	414223	
num 12	3	 6623	657188	464970	409418	163912	
num 12	4	199514	20118442	13764333	12078542	5114267	
num 13	0	317754	35942656	20377417	18610496	6414455	
num 13	1	 2213	241431	143876	139947	41274	
num 13	2	38261	3895660	2611075	2449026	839055	
num 13	3	29518	2964256	2050000	1799125	743227	
num 14	0	1336935	150728874	84736804	80292510	26497172	
num 14	1	 3984	408125	271552	255552	84675	
num 14	2	198651	20623983	13336460	12392772	4501441	
num 15	0	2119787	226592228	140989482	126287892	48795870	
num 15	1	14965	1564619	1002837	929918	333666	
num 16	0	10171282	1146891261	642124517	594793152	220039262	

gobmk          
num 0	0	21144	4230789	511964	647549	22562	
num 0	1	  885	172942	24071	26430	 3117	
num 0	2	  476	92261	13221	13861	 2513	
num 0	3	  194	36337	 6064	 5921	 1342	
num 0	4	  916	171348	29055	24588	 9505	
num 0	5	   64	11988	 2014	 1636	  746	
num 0	6	  664	104199	29962	24185	11638	
num 0	7	  672	108775	28194	24010	11053	
num 0	8	 1235	185560	59038	45872	25690	
num 0	9	  948	138859	46551	36183	21095	
num 0	10	   44	 6271	 2279	 1614	 1100	
num 0	11	    0	    0	    0	    0	    0	
num 0	12	    0	    0	    0	    0	    0	
num 0	13	    0	    0	    0	    0	    0	
num 0	14	    0	    0	    0	    0	    0	
num 0	15	    0	    0	    0	    0	    0	
num 0	16	    3	  270	  229	  129	  140	
num 1	0	26689	5306436	670283	803724	51941	
num 1	1	 5465	1068136	148100	160055	22749	
num 1	2	 2576	491210	76120	76449	15677	
num 1	3	 1471	276155	46193	41697	12531	
num 1	4	 1941	358273	63955	54104	20564	
num 1	5	  365	60656	15227	12153	 5404	
num 1	6	 1362	214080	61426	49306	23860	
num 1	7	 1355	208851	62780	49261	25988	
num 1	8	 1781	263389	87395	65778	39374	
num 1	9	  662	95094	33431	25459	15488	
num 1	10	   22	 3193	 1103	  755	  581	
num 1	11	    1	  185	   35	   24	   12	
num 1	12	    0	    0	    0	    0	    0	
num 1	13	    1	  116	   64	   58	   18	
num 1	14	    3	  343	  193	  170	   62	
num 1	15	   14	 1453	  982	  773	  376	
num 2	0	52303	10354283	1336045	1580840	118400	
num 2	1	13310	2564397	378646	397865	66452	
num 2	2	 7694	1448021	237770	227256	56617	
num 2	3	 3266	604637	106717	94605	30137	
num 2	4	 2431	445348	81257	68666	27065	
num 2	5	  778	130292	31922	24930	12024	
num 2	6	 3587	564968	160753	127489	65062	
num 2	7	 1348	204140	64313	48124	28511	
num 2	8	  937	136717	47027	34436	21692	
num 2	9	  177	25476	 8969	 6573	 4294	
num 2	10	    0	    0	    0	    0	    0	
num 2	11	    3	  386	  181	  155	   46	
num 2	12	    0	    0	    0	    0	    0	
num 2	13	    5	  560	  306	  248	  166	
num 2	14	   18	 1975	 1188	  945	  500	
num 3	0	62190	12238342	1626755	1885216	170327	
num 3	1	22039	4192460	656672	656838	136014	
num 3	2	12236	2273845	392713	363764	102094	
num 3	3	 4338	787195	149549	129383	44401	
num 3	4	 4004	707475	144907	125169	47473	
num 3	5	 1597	262328	67677	53123	25704	
num 3	6	 4122	640757	188620	149186	76669	
num 3	7	  697	102461	34687	25631	15653	
num 3	8	  200	28179	10479	 7623	 4919	
num 3	9	    9	 1183	  518	  372	  231	
num 3	10	    7	  864	  412	  338	  178	
num 3	11	    3	  403	  163	  119	   83	
num 3	12	    4	  467	  256	  191	  110	
num 3	13	   22	 2621	 1374	 1135	  502	
num 4	0	62234	12093881	1705864	1883350	248809	
num 4	1	27172	5086839	850354	815684	203155	
num 4	2	13922	2532793	472561	422987	135691	
num 4	3	 6354	1129222	228892	196702	71808	
num 4	4	 4671	813578	175427	147207	59564	
num 4	5	 2129	345919	91725	72241	35139	
num 4	6	 1902	294155	88533	67826	36398	
num 4	7	  299	43230	15418	11201	 6695	
num 4	8	   67	 9046	 3719	 2839	 1548	
num 4	9	   34	 4325	 2014	 1472	  893	
num 4	10	   20	 2564	 1112	  918	  526	
num 4	11	   12	 1352	  805	  578	  337	
num 4	12	   20	 2351	 1198	 1103	  468	
num 5	0	46242	8877976	1324065	1411377	224534	
num 5	1	26890	4912753	900286	826507	244294	
num 5	2	16615	2949415	595509	525955	182561	
num 5	3	11006	1922210	410662	349268	135396	
num 5	4	 5582	948966	220671	180572	78783	
num 5	5	 2336	380758	100567	78568	38123	
num 5	6	  825	127278	38592	28983	16347	
num 5	7	  208	28070	11616	 8449	 5113	
num 5	8	  126	16257	 7513	 5227	 3259	
num 5	9	  115	14196	 7012	 5145	 3087	
num 5	10	   56	 6887	 3316	 2744	 1389	
num 5	11	   40	 4787	 2515	 1830	 1108	
num 6	0	44065	8195867	1384825	1394056	305892	
num 6	1	29843	5323192	1053764	954049	308803	
num 6	2	22733	3984541	835734	733803	265570	
num 6	3	14979	2564088	581517	489028	199991	
num 6	4	 6844	1140859	281549	225341	104315	
num 6	5	 1879	293350	86396	66321	34957	
num 6	6	  607	86232	31871	23733	13556	
num 6	7	  364	47879	21117	15065	 9123	
num 6	8	  318	40409	18698	14542	 7759	
num 6	9	  246	29936	14944	11600	 6496	
num 6	10	  128	15028	 8062	 6303	 3375	
num 7	0	46598	8806421	1391089	1473849	257729	
num 7	1	31998	5691870	1132464	1033722	333432	
num 7	2	26569	4623285	991752	863647	322980	
num 7	3	17461	2950673	696906	570356	252081	
num 7	4	 4411	707153	194804	150716	76543	
num 7	5	 1533	223703	77341	58197	33207	
num 7	6	  893	123656	48472	35698	20782	
num 7	7	  578	75266	33361	25127	14214	
num 7	8	  520	64500	31071	24256	13293	
num 7	9	  366	44586	22068	17665	 9377	
num 8	0	50094	9500408	1474845	1579702	269109	
num 8	1	30693	5436847	1097040	994181	329340	
num 8	2	23632	4061014	905007	776384	307387	
num 8	3	 8938	1452407	383945	304650	147126	
num 8	4	 3087	464190	149659	113727	62696	
num 8	5	 2116	305755	108229	80416	47296	
num 8	6	 1090	148456	60302	44586	25696	
num 8	7	  792	100286	46738	35525	20203	
num 8	8	  715	87189	43369	34092	18390	
num 9	0	41921	7949278	1230672	1334308	217518	
num 9	1	19714	3439479	729824	644606	232875	
num 9	2	10230	1701078	419519	345899	152384	
num 9	3	 6446	991145	301882	235046	122103	
num 9	4	 4573	682771	222802	169277	95838	
num 9	5	 1874	265404	98270	73138	42932	
num 9	6	  939	126272	51899	40297	21916	
num 9	7	  720	90088	42760	33856	17616	
num 10	0	18782	3512090	577627	598704	119771	
num 10	1	 7081	1196668	280936	239016	96116	
num 10	2	 4688	734910	213685	168732	82801	
num 10	3	 7675	1171212	360835	282136	150617	
num 10	4	 3334	487447	166799	127208	72050	
num 10	5	  912	127357	48461	37928	19726	
num 10	6	  827	111869	45308	36310	18225	
num 11	0	 5552	995309	192390	182715	50898	
num 11	1	 3453	553099	152050	123552	55267	
num 11	2	 5628	873738	257551	205283	104196	
num 11	3	 4100	613167	198704	154426	83303	
num 11	4	 1119	165726	55218	44542	20978	
num 11	5	  676	92308	36332	30099	14317	
num 12	0	 4046	687031	158834	138974	50937	
num 12	1	 4750	764932	205801	167544	77723	
num 12	2	 2354	361567	110088	88075	42894	
num 12	3	 1163	176323	55198	46815	19392	
num 12	4	  875	132575	41491	35065	14869	
num 13	0	 6072	1026241	238968	207259	81964	
num 13	1	 2483	396708	108484	89851	40605	
num 13	2	 1073	165693	49356	42851	16788	
num 13	3	  870	131597	41266	35353	14504	
num 14	0	 3451	585477	133925	119625	44429	
num 14	1	  866	142860	35331	33180	10325	
num 14	2	  858	134282	38227	34828	12311	
num 15	0	 1306	239214	41557	46538	 7027	
num 15	1	  656	106897	27230	26188	 7621	
num 16	0	  972	181989	29546	32678	 4619	

bzip2          
num 0	0	74821	10869569	3479093	4621440	184074	
num 0	1	  273	38540	12950	17316	 1082	
num 0	2	   16	 1990	  905	 1112	   89	
num 0	3	    3	  453	  123	  168	   24	
num 0	4	    1	   69	   87	   84	   16	
num 0	5	    0	    0	    0	    0	    0	
num 0	6	    0	    0	    0	    0	    0	
num 0	7	    1	   70	   84	   79	   23	
num 0	8	    1	  110	   55	   66	   25	
num 0	9	    0	    0	    0	    0	    0	
num 0	10	    0	    0	    0	    0	    0	
num 0	11	    3	  326	  214	  151	   77	
num 0	12	    6	  593	  443	  305	  195	
num 0	13	   51	 5971	 3130	 2495	 1460	
num 0	14	  375	42219	24274	18113	11394	
num 0	15	 3277	357801	221053	151643	108415	
num 0	16	111901	11716413	7874783	4957810	4097650	
num 1	0	24835	3499544	1197742	1570667	89807	
num 1	1	  646	88222	32274	41483	 3397	
num 1	2	   85	10664	 4745	 5721	  630	
num 1	3	   15	 1895	  829	  948	  168	
num 1	4	    8	  975	  480	  489	  104	
num 1	5	    4	  428	  272	  275	   49	
num 1	6	    2	  213	  144	  124	   31	
num 1	7	    0	    0	    0	    0	    0	
num 1	8	    1	  123	   69	   50	   14	
num 1	9	   10	 1217	  611	  482	  250	
num 1	10	   22	 2350	 1529	 1212	  541	
num 1	11	   91	10878	 5615	 4332	 2471	
num 1	12	  437	51244	27390	20856	12382	
num 1	13	 2087	239295	133358	100919	60700	
num 1	14	12489	1389793	824597	590349	392445	
num 1	15	155666	16588922	10767087	7042107	5452380	
num 2	0	15057	2079464	744664	960323	70141	
num 2	1	 1242	163750	64700	81410	 8092	
num 2	2	  267	33699	14920	17215	 2518	
num 2	3	   64	 7823	 3714	 4066	  781	
num 2	4	   36	 4314	 2081	 2224	  597	
num 2	5	   28	 3506	 1617	 1510	  535	
num 2	6	   16	 2078	  898	  790	  330	
num 2	7	   18	 1981	 1150	 1076	  401	
num 2	8	   39	 4534	 2400	 2164	  886	
num 2	9	  131	14978	 8366	 6770	 3422	
num 2	10	  342	40366	21240	16690	 9256	
num 2	11	 1392	160736	88197	68514	38905	
num 2	12	 5934	686084	375101	286601	171318	
num 2	13	26659	2997743	1738570	1275091	813300	
num 2	14	196512	21307800	13363884	9013378	6622010	
num 3	0	11615	1587616	582861	733075	69888	
num 3	1	 1860	241063	98721	121429	14947	
num 3	2	  578	73688	31769	36300	 6211	
num 3	3	  232	29037	13107	14067	 3181	
num 3	4	  125	15512	 7123	 7247	 2118	
num 3	5	   76	 8673	 4781	 4549	 1453	
num 3	6	   90	10433	 5711	 4993	 1903	
num 3	7	  149	17622	 9228	 7753	 3541	
num 3	8	  329	38753	20489	16721	 8261	
num 3	9	  911	106941	56506	45809	23960	
num 3	10	 3081	360803	192598	150844	84491	
num 3	11	11493	1334790	722871	558906	325641	
num 3	12	43045	4897544	2773901	2062940	1285135	
num 3	13	215115	23604539	14446423	9987476	7031002	
num 4	0	11029	1476082	569089	694811	83442	
num 4	1	 2598	331775	142362	166563	24388	
num 4	2	  998	123819	56773	62373	12523	
num 4	3	  520	64181	30424	30763	 7752	
num 4	4	  355	42915	21047	20457	 6461	
num 4	5	  347	40903	21154	19590	 7185	
num 4	6	  361	41579	23192	19543	 8102	
num 4	7	  761	89727	46922	39459	18708	
num 4	8	 1757	205700	109436	89510	45146	
num 4	9	 5235	615137	324525	260189	140309	
num 4	10	16725	1941318	1053333	822766	464183	
num 4	11	56050	6418594	3585285	2714009	1630912	
num 4	12	208798	23184726	13849564	9782179	6635819	
num 5	0	11517	1540331	600901	706119	101001	
num 5	1	 3225	411769	177073	203290	33468	
num 5	2	 1625	202350	93374	98733	21543	
num 5	3	 1113	135032	65845	66283	17768	
num 5	4	  904	106826	54940	52566	17092	
num 5	5	 1017	120046	62159	56851	21296	
num 5	6	 1383	162566	85474	73770	32238	
num 5	7	 2796	325315	174754	146452	69255	
num 5	8	 7583	885295	475425	381542	198986	
num 5	9	21258	2470114	1338529	1052466	580939	
num 5	10	60558	6977300	3848696	2951905	1724947	
num 5	11	181130	20348387	11871349	8558530	5591014	
num 6	0	12789	1717100	664176	765972	126736	
num 6	1	 4024	511679	223832	247304	47329	
num 6	2	 2534	310150	148283	153242	37029	
num 6	3	 1966	240097	116186	113504	33509	
num 6	4	 1871	224368	112240	106185	36183	
num 6	5	 2426	285813	149353	133468	52422	
num 6	6	 4191	492001	259204	220891	100800	
num 6	7	 8945	1047899	556678	458809	226534	
num 6	8	22643	2640394	1420280	1130439	605495	
num 6	9	57228	6635842	3611755	2807636	1595135	
num 6	10	141245	16003661	9172982	6735154	4246923	
num 7	0	16016	2138734	843427	942636	175299	
num 7	1	 4887	619591	274078	297150	60253	
num 7	2	 3586	440712	209931	211668	55705	
num 7	3	 3287	397992	196070	188998	58412	
num 7	4	 3734	448668	225704	206165	75367	
num 7	5	 5526	655419	339456	296100	123681	
num 7	6	10210	1197116	635304	531961	249379	
num 7	7	21625	2524294	1352084	1098276	561346	
num 7	8	47315	5505371	2975594	2338649	1293026	
num 7	9	101132	11559594	6510975	4857665	2961558	
num 8	0	21116	2798640	1124138	1231079	251839	
num 8	1	 6107	770987	344895	366964	80546	
num 8	2	 4878	600783	283267	286713	78005	
num 8	3	 5150	624063	307466	292816	94055	
num 8	4	 6621	795359	399254	364590	135773	
num 8	5	10248	1213200	629441	546409	234438	
num 8	6	18919	2226552	1171525	976227	468960	
num 8	7	36511	4261465	2288153	1832028	965170	
num 8	8	68346	7876271	4360572	3320611	1939122	
num 9	0	29729	3908287	1597741	1711188	393408	
num 9	1	 7632	969977	428199	452180	103436	
num 9	2	 6601	818025	382814	380499	108518	
num 9	3	 7549	919643	447697	425024	140180	
num 9	4	10534	1267808	634614	573614	220668	
num 9	5	16408	1945805	1007379	867676	379588	
num 9	6	27014	3168448	1683333	1380066	683737	
num 9	7	45564	5285116	2886662	2247581	1245025	
num 10	0	43292	5644602	2361551	2455361	621238	
num 10	1	10352	1315718	580082	607035	147277	
num 10	2	 8803	1099883	504392	505715	143578	
num 10	3	10080	1240241	590365	561143	188731	
num 10	4	13789	1654408	833231	751871	290474	
num 10	5	19433	2302634	1195002	1021060	456152	
num 10	6	31180	3648437	1953985	1571738	807920	
num 11	0	63714	8231141	3514618	3587709	977316	
num 11	1	13797	1751316	775164	802750	202802	
num 11	2	11078	1378006	637804	640230	179928	
num 11	3	12381	1522778	725092	692637	229029	
num 11	4	15467	1863990	929507	836570	329485	
num 11	5	23217	2755286	1429533	1204999	553734	
num 12	0	87495	11178653	4879567	4935036	1405464	
num 12	1	17139	2184537	961251	987789	254007	
num 12	2	12876	1623653	729547	733475	209581	
num 12	3	13308	1642356	775318	740469	248705	
num 12	4	19471	2340722	1179037	1039785	425032	
num 13	0	109702	13939789	6144218	6190561	1809144	
num 13	1	20132	2577982	1116396	1161291	298123	
num 13	2	13812	1742125	784266	780529	228952	
num 13	3	18003	2210433	1060915	984141	353279	
num 14	0	127828	16293309	7122519	7212873	2095267	
num 14	1	21308	2715464	1192226	1223532	323626	
num 14	2	20286	2537115	1166332	1137637	352132	
num 15	0	140330	17886511	7831653	7932139	2274177	
num 15	1	34014	4295468	1931558	1932171	548387	
num 16	0	207636	26700887	11491413	11766023	3196493	

h264ref        
num 0	0	 2478	434378	98827	82067	19096	
num 0	1	   31	 5279	 1362	 1010	  285	
num 0	2	    4	  647	  181	  168	   28	
num 0	3	    2	  320	   91	   67	   34	
num 0	4	    0	    0	    0	    0	    0	
num 0	5	    0	    0	    0	    0	    0	
num 0	6	    0	    0	    0	    0	    0	
num 0	7	    0	    0	    0	    0	    0	
num 0	8	    5	  653	  261	  269	   97	
num 0	9	    0	    0	    0	    0	    0	
num 0	10	    0	    0	    0	    0	    0	
num 0	11	    0	    0	    0	    0	    0	
num 0	12	    0	    0	    0	    0	    0	
num 0	13	    0	    0	    0	    0	    0	
num 0	14	    3	  480	  120	  100	   68	
num 0	15	    3	  541	  112	   74	   41	
num 0	16	  227	35094	 9323	10673	 3022	
num 1	0	 2217	380421	92112	74934	20085	
num 1	1	  157	26369	 6736	 5450	 1637	
num 1	2	   18	 3014	  767	  603	  224	
num 1	3	    7	 1172	  313	  245	   62	
num 1	4	    0	    0	    0	    0	    0	
num 1	5	    3	  433	  175	   76	   84	
num 1	6	    0	    0	    0	    0	    0	
num 1	7	    3	  371	  217	  131	   49	
num 1	8	    0	    0	    0	    0	    0	
num 1	9	    1	  118	   65	   38	   35	
num 1	10	    1	  155	   40	   45	   16	
num 1	11	    5	  841	  225	  113	  101	
num 1	12	    9	 1392	  411	  351	  150	
num 1	13	   10	 1605	  397	  324	  234	
num 1	14	   15	 2020	  817	  648	  355	
num 1	15	  158	23659	 6909	 7225	 2655	
num 2	0	 2628	445798	111269	90697	25004	
num 2	1	  303	50090	13392	10624	 3462	
num 2	2	   78	12849	 3496	 2650	  973	
num 2	3	   17	 2844	  695	  581	  232	
num 2	4	   11	 1610	  575	  424	  207	
num 2	5	    9	 1405	  448	  327	  124	
num 2	6	   12	 2081	  419	  382	  190	
num 2	7	    6	 1135	  165	  132	  104	
num 2	8	   12	 1887	  504	  525	  156	
num 2	9	    4	  591	  213	  143	   77	
num 2	10	   16	 2504	  683	  618	  291	
num 2	11	   28	 4316	 1187	 1196	  469	
num 2	12	   48	 7260	 2297	 1725	 1006	
num 2	13	   46	 6949	 2175	 1743	  909	
num 2	14	  301	44110	14106	13242	 5598	
num 3	0	 2546	430250	108324	86782	26420	
num 3	1	  501	84876	21090	16653	 5637	
num 3	2	  130	21546	 5760	 4303	 1671	
num 3	3	   57	 9604	 2386	 1814	  788	
num 3	4	   33	 5284	 1458	 1099	  607	
num 3	5	   31	 4851	 1414	 1151	  520	
num 3	6	   36	 5524	 1778	 1214	  700	
num 3	7	   24	 3933	  949	  795	  467	
num 3	8	   30	 4530	 1537	  903	  710	
num 3	9	   41	 6436	 1879	 1407	  774	
num 3	10	   42	 6653	 1869	 1513	  717	
num 3	11	   86	12807	 4321	 3068	 1820	
num 3	12	  106	15621	 5159	 4024	 2332	
num 3	13	  445	67284	20338	18481	 7817	
num 4	0	 2652	448173	112186	90419	28134	
num 4	1	  704	117853	30345	23334	 8692	
num 4	2	  302	50096	13271	 9859	 4086	
num 4	3	  177	28525	 8111	 5937	 2739	
num 4	4	  102	16026	 4939	 3527	 1620	
num 4	5	   65	10063	 3169	 2281	 1127	
num 4	6	   70	11116	 3203	 2257	 1344	
num 4	7	   52	 7959	 2526	 1864	  963	
num 4	8	   77	11859	 3550	 2724	 1579	
num 4	9	  109	16840	 5136	 3665	 2263	
num 4	10	  152	23183	 7244	 5290	 3195	
num 4	11	  194	28912	 9217	 7461	 4074	
num 4	12	  580	87832	25866	24290	10492	
num 5	0	 2567	435827	107959	85484	27882	
num 5	1	  947	158748	40484	31803	11397	
num 5	2	  464	76086	20411	15805	 6482	
num 5	3	  279	45936	12347	 9091	 4050	
num 5	4	  203	32551	 9497	 6634	 3286	
num 5	5	  138	22412	 6042	 4525	 2349	
num 5	6	  115	18187	 5329	 3833	 2091	
num 5	7	  158	24657	 7261	 5447	 3083	
num 5	8	  185	28694	 8668	 6184	 3814	
num 5	9	  230	34871	10982	 8079	 4948	
num 5	10	  280	42478	13341	 9790	 6071	
num 5	11	  653	98324	29933	26391	12520	
num 6	0	 2760	468137	115007	93926	29490	
num 6	1	 1161	193602	50152	39256	14206	
num 6	2	  758	125447	33146	25118	10337	
num 6	3	  471	77402	20466	15578	 7130	
num 6	4	  332	52798	15468	11312	 5414	
num 6	5	  315	49235	14758	11179	 5468	
num 6	6	  276	42766	12973	 9721	 5196	
num 6	7	  271	41983	12421	 9760	 5212	
num 6	8	  332	51473	14773	12018	 6728	
num 6	9	  341	51435	15982	12743	 7136	
num 6	10	  689	105493	31257	26506	13128	
num 7	0	 2916	498961	120749	96265	30521	
num 7	1	 1417	236973	61389	46937	17453	
num 7	2	  992	164219	43045	33194	13494	
num 7	3	  644	103939	28785	22118	10022	
num 7	4	  561	90632	25030	19027	 8927	
num 7	5	  522	82267	24318	17799	 9248	
num 7	6	  501	78397	23497	17084	 9278	
num 7	7	  517	79396	24393	18443	10120	
num 7	8	  429	65517	19981	15610	 8716	
num 7	9	  791	120516	36569	30441	14970	
num 8	0	 3129	534775	129196	103899	33154	
num 8	1	 1582	266443	66609	52381	19559	
num 8	2	 1180	193687	52274	39564	16555	
num 8	3	  943	152594	42388	32419	14007	
num 8	4	  819	131347	37201	27556	13560	
num 8	5	  715	111878	33680	24507	12975	
num 8	6	  723	113091	33345	25463	13189	
num 8	7	  593	90840	28204	20736	12028	
num 8	8	  846	130170	38534	32345	15527	
num 9	0	 2749	473412	112276	90479	27577	
num 9	1	 1725	289657	73464	56999	21480	
num 9	2	 1426	237278	61718	46415	19645	
num 9	3	 1088	178361	47573	36263	16331	
num 9	4	  925	148468	41893	31627	14812	
num 9	5	  816	130538	36403	27517	14438	
num 9	6	  657	102505	30242	23268	12177	
num 9	7	  817	126262	37519	30674	14697	
num 10	0	 2938	505237	120797	96688	29406	
num 10	1	 1891	318636	80026	62202	23232	
num 10	2	 1536	253064	67769	51242	21141	
num 10	3	 1182	193457	52177	38542	18416	
num 10	4	  912	145325	41739	31298	15110	
num 10	5	  648	102271	29779	22346	11492	
num 10	6	  819	128736	37247	29167	14514	
num 11	0	 3055	530147	122548	99994	29391	
num 11	1	 1916	320832	81939	64616	23109	
num 11	2	 1536	255695	65763	50864	20894	
num 11	3	 1121	182391	49644	37704	17237	
num 11	4	  667	107945	29594	22140	11073	
num 11	5	  847	134613	38641	29939	13639	
num 12	0	 2910	509188	114037	94491	27244	
num 12	1	 1640	277327	69168	53353	19992	
num 12	2	 1181	195792	51090	39215	16239	
num 12	3	  728	120120	31479	23445	11324	
num 12	4	  900	147882	38308	30877	13333	
num 13	0	 2412	417871	96772	79750	23079	
num 13	1	 1264	214344	52464	42039	14737	
num 13	2	  836	139645	35546	27225	11600	
num 13	3	 1014	169043	42582	34157	13802	
num 14	0	 2021	353826	78908	66255	18387	
num 14	1	  808	137344	33662	26604	 9238	
num 14	2	 1222	202858	52519	42886	14569	
num 15	0	 1154	201411	45318	38274	10421	
num 15	1	 1335	226748	55790	44754	14468	
num 16	0	 2339	409704	90276	79485	19319	

leslie3d       
num 0	0	2061290	279742092	102346111	145600781	 1256	
num 0	1	    0	    0	    0	    0	    0	
num 0	2	    0	    0	    0	    0	    0	
num 0	3	    0	    0	    0	    0	    0	
num 0	4	    3	  292	  225	  216	   35	
num 0	5	    0	    0	    0	    0	    0	
num 0	6	    2	  205	  128	  158	   21	
num 0	7	    0	    0	    0	    0	    0	
num 0	8	30570	3228131	2173235	1212300	1212254	
num 0	9	   23	 2305	 1655	 1011	  917	
num 0	10	   28	 2787	 1938	 1473	  970	
num 0	11	   77	 7272	 5672	 4040	 2728	
num 0	12	 2001	205394	136162	107434	63266	
num 0	13	  285	27736	20727	13236	11261	
num 0	14	 5539	539371	397405	266335	214873	
num 0	15	85508	8243963	6187639	4043440	3415006	
num 0	16	8413404	816868478	602704693	400670022	333588231	
num 1	0	  919	116185	51570	65099	 2410	
num 1	1	    0	    0	    0	    0	    0	
num 1	2	    0	    0	    0	    0	    0	
num 1	3	    0	    0	    0	    0	    0	
num 1	4	    0	    0	    0	    0	    0	
num 1	5	    0	    0	    0	    0	    0	
num 1	6	    0	    0	    0	    0	    0	
num 1	7	   26	 2675	 1954	  996	 1031	
num 1	8	  237	23661	17499	10017	 9495	
num 1	9	  220	22018	16251	 9694	 8357	
num 1	10	  396	40439	27834	18999	14104	
num 1	11	 2368	240372	163639	125258	76939	
num 1	12	 1397	136209	101820	64086	55517	
num 1	13	11544	1123898	836178	542184	453004	
num 1	14	155284	15026160	11235446	7321167	6169931	
num 1	15	6466555	625030944	465762669	307476235	257168232	
num 2	0	 2564	334079	134797	180136	 7372	
num 2	1	    0	    0	    0	    0	    0	
num 2	2	    4	  488	  239	  257	   40	
num 2	3	    0	    0	    0	    0	    0	
num 2	4	    0	    0	    0	    0	    0	
num 2	5	    0	    0	    0	    0	    0	
num 2	6	    8	  788	  592	  379	  289	
num 2	7	  120	12135	 8956	 5163	 4466	
num 2	8	  774	77464	57154	33202	30324	
num 2	9	 1085	107863	79260	49317	41320	
num 2	10	 3582	367359	249264	181990	118379	
num 2	11	 3287	322084	239959	150057	129372	
num 2	12	19220	1877987	1391260	902742	748331	
num 2	13	165972	16091684	12023538	7774001	6599609	
num 2	14	4085637	395797198	294598253	193749908	161777713	
num 3	0	 2773	358196	151193	185292	15207	
num 3	1	    2	  235	  111	  161	    5	
num 3	2	    1	   87	   79	   77	   13	
num 3	3	    0	    0	    0	    0	    0	
num 3	4	    0	    0	    0	    0	    0	
num 3	5	    7	  737	  472	  406	  177	
num 3	6	   68	 7514	 4613	 3092	 2189	
num 3	7	  354	35656	26166	15582	13220	
num 3	8	 1960	195454	143588	86403	76315	
num 3	9	 3891	392439	278148	184244	141265	
num 3	10	 5597	551982	407227	255844	217779	
num 3	11	25480	2501320	1841423	1193875	986262	
num 3	12	178634	17460769	12860531	8481356	6927648	
num 3	13	2181037	211509990	157647202	102806829	86381451	
num 4	0	20799	2631019	1145793	1433038	114694	
num 4	1	    1	  134	   53	   55	   14	
num 4	2	    3	  383	  163	  162	   60	
num 4	3	    0	    0	    0	    0	    0	
num 4	4	   10	  984	  709	  668	  199	
num 4	5	   24	 2644	 1589	 1233	  678	
num 4	6	  313	34607	20888	15361	 9272	
num 4	7	 1069	109313	76843	48333	39175	
num 4	8	 4285	430437	310202	196080	160241	
num 4	9	 7733	765545	563985	350050	300068	
num 4	10	28390	2799617	2050940	1336869	1080414	
num 4	11	148309	14543077	10671168	7072949	5679910	
num 4	12	1526278	149747738	109230467	73342994	58405969	
num 5	0	 6140	754239	353361	413533	50707	
num 5	1	    6	  858	  284	  333	   61	
num 5	2	   15	 1960	  839	  854	  187	
num 5	3	   12	 1418	  716	  747	  191	
num 5	4	   58	 7027	 3531	 3008	 1282	
num 5	5	  157	17057	10427	 8867	 3841	
num 5	6	  858	91848	58209	44476	25115	
num 5	7	 2211	225941	157391	104207	78477	
num 5	8	 7858	787016	569162	358597	296873	
num 5	9	25427	2515738	1837901	1194446	961227	
num 5	10	117781	11621194	8439849	5675631	4415262	
num 5	11	847536	83292876	60698036	40836196	32142108	
num 6	0	42160	5232072	2384333	2829604	346951	
num 6	1	   12	 1649	  664	  581	  178	
num 6	2	   60	 7268	 3510	 3815	  767	
num 6	3	   55	 6248	 3540	 2982	 1310	
num 6	4	  206	22558	13540	12065	 4573	
num 6	5	  509	54890	34413	26913	14088	
num 6	6	 2871	313620	189704	154584	77068	
num 6	7	 4329	438264	309336	205501	155123	
num 6	8	25605	2555133	1845482	1184136	970129	
num 6	9	77908	7711072	5587238	3739118	2907020	
num 6	10	521317	51504281	37215840	25420686	19316345	
num 7	0	 6489	748436	415336	369496	127916	
num 7	1	   25	 2562	 1704	 1780	  354	
num 7	2	  248	27161	16279	14324	 5724	
num 7	3	  652	74304	42241	33856	16511	
num 7	4	  758	85781	48755	41214	18298	
num 7	5	 1971	213440	132322	102253	56561	
num 7	6	 5991	630003	411866	302062	189765	
num 7	7	13707	1380171	979972	647865	500984	
num 7	8	131665	13129148	9485144	5981898	5110050	
num 7	9	274155	27169902	19614598	13206667	10192513	
num 8	0	260460	31211620	15883338	15203221	4379581	
num 8	1	  221	26183	13686	12415	 4292	
num 8	2	 3416	386297	220784	187334	80081	
num 8	3	 6698	740302	441845	354387	178154	
num 8	4	 2314	264357	145556	131354	51117	
num 8	5	 8224	868817	562882	414057	259588	
num 8	6	26492	2764722	1828207	1324363	864660	
num 8	7	55106	5537017	3953863	2522603	2093653	
num 8	8	642134	63904810	46241655	28903268	25336571	
num 9	0	57883	6672660	3671087	3347817	1126484	
num 9	1	  381	43761	24501	20797	 8477	
num 9	2	 1645	185921	105070	94820	35309	
num 9	3	 1012	114454	65193	54868	24557	
num 9	4	 2913	315462	196008	150544	83714	
num 9	5	10096	1061646	693215	509920	319795	
num 9	6	39272	4064669	2716210	2006155	1266598	
num 9	7	176394	17630425	12718436	7921726	6886277	
num 10	0	123608	14333991	7675627	7467550	2166480	
num 10	1	  314	36208	19715	18427	 6034	
num 10	2	 3291	377791	202456	201602	60647	
num 10	3	 1456	159612	96881	77405	38838	
num 10	4	 7016	759507	468297	374549	193743	
num 10	5	15017	1570551	1032922	772355	468524	
num 10	6	137640	14225920	9485565	7084264	4440091	
num 11	0	181627	20915778	11296108	11115397	3169229	
num 11	1	  505	55864	32461	31741	 9214	
num 11	2	  623	69306	40421	34244	15517	
num 11	3	 3353	363903	223775	179362	91328	
num 11	4	17402	1877960	1150467	967484	459001	
num 11	5	44599	4608493	3098777	2242263	1467811	
num 12	0	418451	47942256	25936432	25747527	7497241	
num 12	1	  265	30870	16476	15128	 5366	
num 12	2	 1712	186372	113163	94044	44693	
num 12	3	 6493	708520	428891	350872	173925	
num 12	4	54631	5839581	3632268	3020228	1493459	
num 13	0	482665	54355059	30514149	29592940	9100092	
num 13	1	  755	83997	49389	41408	18486	
num 13	2	 3490	376468	231578	191576	93818	
num 13	3	15527	1644219	1052306	820103	458284	
num 14	0	1252624	140617824	78783750	78206043	23064127	
num 14	1	 1450	159608	94815	79355	37422	
num 14	2	10216	1101245	676919	554873	282259	
num 15	0	3003096	333389906	190032545	187771309	57598816	
num 15	1	 4184	453114	280606	221162	116222	
num 16	0	8178210	893998898	523980347	497487499	178155016	

omnetpp        
num 0	0	22726	4517085	618945	648847	32979	
num 0	1	26341	5177144	741627	749702	74823	
num 0	2	54396	10363420	1718552	1525411	317993	
num 0	3	67753	12612333	2303656	1848533	580246	
num 0	4	45078	8159503	1643206	1233153	504106	
num 0	5	101272	17974036	3925017	2612044	1414535	
num 0	6	39255	6549475	1739635	1084248	675922	
num 0	7	13425	2220932	589460	397109	229299	
num 0	8	23778	3776797	1109197	706323	494851	
num 0	9	 2103	307344	110962	75417	44645	
num 0	10	 1937	265831	110687	74479	44875	
num 0	11	  967	123378	60726	40265	23183	
num 0	12	  204	24821	13408	 8887	 5108	
num 0	13	    0	    0	    0	    0	    0	
num 0	14	    0	    0	    0	    0	    0	
num 0	15	    0	    0	    0	    0	    0	
num 0	16	   11	 1178	  715	  642	  281	
num 1	0	120757	23849142	3350849	3457576	256225	
num 1	1	197778	38173333	5970840	5598385	888610	
num 1	2	277895	52392458	9051127	7726776	1970759	
num 1	3	255954	47028348	8989283	6986289	2520304	
num 1	4	272001	48799876	10214028	7211365	3406987	
num 1	5	139853	24234468	5686121	3748266	2133513	
num 1	6	71596	11904412	3151874	2013756	1258534	
num 1	7	62315	10325588	2715612	1738756	1172684	
num 1	8	 5443	818371	276541	182627	115869	
num 1	9	 3166	445017	175508	117782	72189	
num 1	10	  357	51977	18665	13091	 7659	
num 1	11	  816	101305	52270	35280	20041	
num 1	12	    0	    0	    0	    0	    0	
num 1	13	    0	    0	    0	    0	    0	
num 1	14	    1	   92	   79	   48	   37	
num 1	15	   37	 4013	 2410	 2168	  881	
num 2	0	424075	82580896	12410968	12098057	1473279	
num 2	1	749047	142806835	23558102	21064992	4326103	
num 2	2	904613	168165631	30716440	25050125	7648732	
num 2	3	831337	150686237	30299564	22582537	9253934	
num 2	4	634540	111791691	24850687	17114978	8684884	
num 2	5	299806	51366746	12418876	8202748	4761966	
num 2	6	171059	28581182	7370705	4763212	3076005	
num 2	7	24478	3880806	1141252	771894	472416	
num 2	8	 8514	1264002	435442	291523	188617	
num 2	9	  559	83100	28162	20271	11571	
num 2	10	   28	 4067	 1444	 1049	  608	
num 2	11	    8	  879	  564	  334	  271	
num 2	12	    2	  200	  135	  120	   57	
num 2	13	    0	    0	    0	    0	    0	
num 2	14	   54	 5880	 3586	 2784	 1574	
num 3	0	974348	187653089	29589392	27650281	4540326	
num 3	1	1750938	329202184	57472267	49077783	12487894	
num 3	2	2119226	388549519	74853144	58386886	20732307	
num 3	3	1654099	295010741	62741711	45347570	20349322	
num 3	4	1128015	195941924	45443772	31007289	16378855	
num 3	5	600311	101877183	25222721	16642751	9936961	
num 3	6	91655	14754053	4200190	2836757	1672680	
num 3	7	27012	4189035	1296286	901545	528206	
num 3	8	 7102	989018	397454	263182	168458	
num 3	9	  199	28528	10659	 7223	 4534	
num 3	10	   14	 1691	  925	  599	  369	
num 3	11	   19	 2328	 1193	  860	  483	
num 3	12	   36	 4100	 2455	 1729	  932	
num 3	13	   43	 4630	 2990	 2097	 1291	
num 4	0	1644402	312308425	52193770	46638267	9826450	
num 4	1	2927611	542671300	100115360	81806498	24875258	
num 4	2	3363003	606932103	123715996	93292659	36988010	
num 4	3	2303324	404554654	90344341	64191462	30560487	
num 4	4	1440781	246056181	59826297	40714348	22243110	
num 4	5	409811	67121223	18352699	12291660	7146034	
num 4	6	116391	18330455	5482791	3779526	2203324	
num 4	7	25319	3856107	1246932	864009	514616	
num 4	8	 4601	635070	259292	171627	111867	
num 4	9	  164	22975	 8866	 6463	 3680	
num 4	10	  114	14070	 7180	 4818	 3116	
num 4	11	  204	24678	12967	 9280	 5299	
num 4	12	  117	13129	 7749	 5881	 3193	
num 5	0	2158910	404376661	71481257	61011828	15811214	
num 5	1	3593732	655892292	128134991	100920813	35047296	
num 5	2	3718295	660202052	141970766	104753778	44956924	
num 5	3	2426291	418205923	98787046	69351043	34786484	
num 5	4	1018743	168742806	44707871	30618746	16728785	
num 5	5	366969	58635882	16982610	11616740	6708832	
num 5	6	100256	15334016	4940032	3378488	2013000	
num 5	7	13922	2052333	718435	491166	302098	
num 5	8	 2623	364296	146145	100252	60795	
num 5	9	  299	37698	18447	12528	 7871	
num 5	10	  587	73981	35940	26045	14306	
num 5	11	  467	55204	29973	22299	12076	
num 6	0	2195953	404970869	75975436	62365114	18852549	
num 6	1	3404740	611005000	126541592	96858475	37208373	
num 6	2	3306287	575375758	131722635	95462897	43848182	
num 6	3	1747677	292522182	75171482	52499743	27211905	
num 6	4	852693	137650372	38876427	26774575	14988034	
num 6	5	250717	38740755	12218630	8305658	4918509	
num 6	6	60914	9027334	3138453	2134238	1293959	
num 6	7	10481	1480106	574599	397173	231258	
num 6	8	 1608	216186	93038	64562	37862	
num 6	9	 1163	150228	68699	50332	28469	
num 6	10	 1535	189006	95072	69977	38905	
num 7	0	1749456	317401032	63105793	50194037	17159874	
num 7	1	2628851	462340856	102249295	76387082	32008623	
num 7	2	2204088	373608833	92447590	65957375	32232730	
num 7	3	1199602	195700555	53738911	37521273	20137373	
num 7	4	555130	87032736	26516370	18173171	10391003	
num 7	5	158556	23669870	8144322	5471347	3304797	
num 7	6	39729	5701068	2145914	1457040	866602	
num 7	7	 5950	822037	334276	230439	136448	
num 7	8	 3537	471995	203420	146017	84040	
num 7	9	 2450	313249	145996	108324	59631	
num 8	0	1112465	197512438	42185574	32705798	12387230	
num 8	1	1544912	264704034	63268651	46601987	20922800	
num 8	2	1338173	221121023	58637808	41638182	21175275	
num 8	3	697238	110443458	32811015	22617210	12621245	
num 8	4	312603	47531360	15644936	10627716	6222356	
num 8	5	87693	12741500	4681369	3166472	1860067	
num 8	6	22174	3107198	1232652	835809	500885	
num 8	7	 8662	1173403	494039	351382	198648	
num 8	8	 5755	756641	331616	247385	137638	
num 9	0	611096	105689266	24474297	18642437	7634576	
num 9	1	870795	145259450	37408319	27249817	13005934	
num 9	2	728860	117057428	33557597	23477553	12495582	
num 9	3	325178	50155302	15959247	10921586	6209433	
num 9	4	122115	18105596	6350206	4349245	2456393	
num 9	5	32824	4683267	1788919	1218103	712655	
num 9	6	16221	2226059	915663	648325	362529	
num 9	7	 9300	1254753	523046	390331	212670	
num 10	0	335538	56560099	14097486	10615690	4624453	
num 10	1	431788	70039487	19489945	14013380	6994916	
num 10	2	326276	50980922	15702396	10961657	5881681	
num 10	3	126483	19051501	6454220	4427710	2446217	
num 10	4	46760	6786191	2497191	1719687	967491	
num 10	5	20054	2849690	1082689	781250	420195	
num 10	6	15587	2144959	862489	642732	340092	
num 11	0	150477	24636359	6693014	4944501	2248238	
num 11	1	190298	30065297	9005789	6416880	3228322	
num 11	2	122586	18636155	6178910	4259463	2307488	
num 11	3	51201	7572059	2674307	1857413	1003677	
num 11	4	26061	3765275	1377396	1011647	517298	
num 11	5	19671	2780109	1052035	794797	408835	
num 12	0	61865	9943189	2836035	2144664	913552	
num 12	1	72440	11256089	3522325	2527457	1238769	
num 12	2	43634	6548987	2229413	1565980	825924	
num 12	3	25522	3756680	1311793	984899	480260	
num 12	4	19753	2842105	1028892	801468	384303	
num 13	0	15077	2372096	718304	539175	230137	
num 13	1	19070	2948608	924748	684141	324423	
num 13	2	18647	2787685	938911	713758	333278	
num 13	3	17818	2592726	910615	732163	325904	
num 14	0	 4628	715982	222971	171891	73924	
num 14	1	10781	1599969	547767	417036	195164	
num 14	2	15421	2272472	778001	616424	280879	
num 15	0	 4650	689816	237844	178075	84665	
num 15	1	 5920	887228	289543	240541	98208	
num 16	0	 3537	514456	183596	138741	68679	

cactusADM      
num 0	0	1496130	292398492	29497872	61109390	 3526	
num 0	1	    0	    0	    0	    0	    0	
num 0	2	  819	130669	30174	43997	 4824	
num 0	3	    3	  271	  215	  253	   29	
num 0	4	  888	131360	38870	46743	10355	
num 0	5	    4	  642	  159	  164	   59	
num 0	6	 1509	206088	75507	77810	26899	
num 0	7	    5	  554	  345	  256	  125	
num 0	8	1280756	237324928	31027617	59466904	54087	
num 0	9	    7	  797	  390	  563	   42	
num 0	10	  171	20745	10264	 7723	 5044	
num 0	11	    4	  738	  122	  113	   51	
num 0	12	  116	12605	 7828	 5161	 4102	
num 0	13	    4	  450	  260	  235	   79	
num 0	14	  220	19964	16913	10460	 8983	
num 0	15	 5660	486322	451239	265328	246071	
num 0	16	938273	79179418	74477135	44743346	41797989	
num 1	0	 4658	824234	136517	216691	15006	
num 1	1	   86	14449	 2776	 4316	  475	
num 1	2	   72	11520	 2638	 3720	  554	
num 1	3	  135	19602	 6035	 7330	 1593	
num 1	4	  114	16130	 5446	 5919	 1689	
num 1	5	  449	61872	22599	22624	 7849	
num 1	6	   91	11047	 5347	 5038	 1864	
num 1	7	 3021	506131	99869	161364	 6012	
num 1	8	12590	2178243	388468	627737	28592	
num 1	9	  114	14970	 6208	 5241	 2765	
num 1	10	   24	 3311	 1209	 1211	  413	
num 1	11	   75	 8327	 4979	 3434	 2460	
num 1	12	   25	 2937	 1586	 1150	  727	
num 1	13	  183	17875	13544	 8504	 6925	
num 1	14	 6294	557883	494401	294765	264215	
num 1	15	580884	49392627	46241571	27485439	25586667	
num 2	0	93490	16712876	2599134	4338360	283070	
num 2	1	   77	11879	 3063	 4305	  465	
num 2	2	 1856	290712	71833	97827	14764	
num 2	3	   18	 2304	  967	 1064	  273	
num 2	4	 2232	315531	106438	114308	35115	
num 2	5	   26	 3390	 1433	 1360	  473	
num 2	6	 2383	354774	105984	116127	33163	
num 2	7	  231	36254	 8807	13093	  982	
num 2	8	11229	1868708	388286	569010	48620	
num 2	9	   46	 7734	 1639	 1919	  484	
num 2	10	  362	42310	22514	16804	11044	
num 2	11	   34	 4720	 1749	 1501	  734	
num 2	12	  534	54627	37827	24911	19339	
num 2	13	 3387	320682	255299	159343	131748	
num 2	14	248664	21628214	19641457	11692380	10695933	
num 3	0	10172	1757627	322056	479613	44736	
num 3	1	  219	35517	 8315	10719	 1513	
num 3	2	  311	48047	12549	16407	 2613	
num 3	3	  425	62555	19404	20578	 6263	
num 3	4	   84	11041	 4528	 4347	 1588	
num 3	5	 1061	170312	40768	51447	 9089	
num 3	6	   85	10658	 4848	 4418	 1836	
num 3	7	  449	65459	21014	21591	 6880	
num 3	8	 8429	1388546	297024	435831	36423	
num 3	9	  226	28212	13314	10813	 5517	
num 3	10	  120	15015	 6942	 6004	 2759	
num 3	11	  416	46097	27431	20020	12948	
num 3	12	 4324	429344	313649	205943	158008	
num 3	13	76056	6908720	5867367	3575502	3118747	
num 4	0	94263	16192084	2956925	4532383	449936	
num 4	1	  210	31827	 8728	11756	 1449	
num 4	2	 3075	469313	125344	163146	29397	
num 4	3	  105	15263	 4869	 5488	 1260	
num 4	4	 2053	311542	87875	105389	20762	
num 4	5	   41	 5275	 2234	 2186	  801	
num 4	6	 1067	137493	59612	50464	25583	
num 4	7	  225	33242	 9881	12619	 1858	
num 4	8	10128	1621355	382506	515177	73730	
num 4	9	  169	24188	 8118	 7840	 3118	
num 4	10	 1100	123561	71506	51853	34680	
num 4	11	 3375	359321	231482	161922	111275	
num 4	12	57463	5603830	4197168	2726790	2182740	
num 5	0	18387	3024884	659719	886522	135947	
num 5	1	  404	63633	15624	20767	 3400	
num 5	2	  246	35080	11541	13475	 2880	
num 5	3	 1544	258307	53175	76835	 6947	
num 5	4	  436	72516	15522	20342	 3236	
num 5	5	  346	46082	18808	15792	 7894	
num 5	6	  314	43699	15521	15497	 5667	
num 5	7	  708	107078	30702	32905	10563	
num 5	8	 9485	1517144	361401	465568	84047	
num 5	9	  823	99560	50162	38856	22110	
num 5	10	 7303	778390	497295	352375	241508	
num 5	11	32181	3351774	2227573	1548543	1110446	
num 6	0	113549	18644369	4037917	5440610	945648	
num 6	1	  252	37375	11115	13777	 2245	
num 6	2	 2639	406026	108418	141318	19822	
num 6	3	  869	143902	31123	43392	 4047	
num 6	4	 1367	193851	66264	66281	23556	
num 6	5	  567	83055	26377	27273	 8447	
num 6	6	 1635	222501	85445	77238	33376	
num 6	7	 1478	211655	71853	70947	23913	
num 6	8	59112	8096530	3062142	2836235	1137765	
num 6	9	 5409	611726	351254	259453	162271	
num 6	10	59067	6203134	4043555	2849492	2024971	
num 7	0	17938	2935739	651635	854687	150067	
num 7	1	 2663	449486	89043	133036	10163	
num 7	2	 4878	811170	171569	240937	25092	
num 7	3	 9753	1547095	385399	482974	81300	
num 7	4	 7233	1115386	305296	350232	80734	
num 7	5	 6502	970371	295072	297051	102018	
num 7	6	 6313	896519	310514	291063	118032	
num 7	7	13533	1827043	719642	633617	284146	
num 7	8	393254	51549551	21471217	18991465	8660791	
num 7	9	34946	3893374	2277601	1690849	1084352	
num 8	0	3142924	598254066	67944353	137557357	832768	
num 8	1	106737	18263935	3352185	5323779	384773	
num 8	2	101568	17007998	3451105	5017436	524869	
num 8	3	125391	20058642	4766054	6200244	1075156	
num 8	4	78187	12063524	3232404	3818816	901128	
num 8	5	54087	8091685	2399775	2492035	862777	
num 8	6	49305	6936252	2431692	2291511	962625	
num 8	7	107253	14210523	5805407	5065476	2375362	
num 8	8	2407147	312207883	131397721	117280206	55343822	
num 9	0	31000	5133217	1100564	1448509	253710	
num 9	1	 4639	756864	169031	232572	29117	
num 9	2	 9842	1569021	380093	484066	86372	
num 9	3	 8586	1321933	360555	413757	101771	
num 9	4	 8190	1204533	377632	377632	136843	
num 9	5	 8411	1148218	438015	392813	174170	
num 9	6	37851	4504283	2315872	1824855	1044846	
num 9	7	356766	45887883	19852002	17312729	8279482	
num 10	0	71328	11279543	2819912	3256656	903857	
num 10	1	 1039	165211	39672	53343	 7758	
num 10	2	 2345	343968	107025	118650	30677	
num 10	3	 1742	254306	80333	86997	24316	
num 10	4	 5183	627074	313977	245969	139828	
num 10	5	 9953	1149276	630600	480710	287382	
num 10	6	167752	19404867	10455419	8217255	4866971	
num 11	0	25493	4027012	1008514	1197760	292922	
num 11	1	  557	85571	23022	28589	 5410	
num 11	2	 1238	173054	61064	62777	20033	
num 11	3	 1965	276484	96475	96422	33659	
num 11	4	21653	2426396	1403152	1058261	655359	
num 11	5	37078	4190446	2373423	1820862	1107237	
num 12	0	63311	9626828	2719985	2912537	948266	
num 12	1	  499	74621	21569	25546	 6008	
num 12	2	 6369	851109	334285	322650	122420	
num 12	3	 5882	705474	356810	289162	154346	
num 12	4	92827	10323317	5989431	4568783	2882181	
num 13	0	38844	5678159	1800848	1825795	639262	
num 13	1	  837	114161	43006	42866	14239	
num 13	2	23345	3021321	1273091	1182434	499474	
num 13	3	18929	2280631	1132980	925022	507191	
num 14	0	191981	26922353	9520845	9030373	3673565	
num 14	1	 2813	372273	149781	143709	54365	
num 14	2	89586	11557424	4849385	4589351	1937856	
num 15	0	633320	86337365	32412258	30503177	12877120	
num 15	1	 8017	1049898	430286	403472	168696	
num 16	0	2092128	284521609	106127232	101416144	43519783	

hmmer          
num 0	0	   24	 3610	  919	 1468	  147	
num 0	1	    0	    0	    0	    0	    0	
num 0	2	    0	    0	    0	    0	    0	
num 0	3	    0	    0	    0	    0	    0	
num 0	4	    0	    0	    0	    0	    0	
num 0	5	    0	    0	    0	    0	    0	
num 0	6	    0	    0	    0	    0	    0	
num 0	7	    0	    0	    0	    0	    0	
num 0	8	    2	  232	  134	  120	   26	
num 0	9	    0	    0	    0	    0	    0	
num 0	10	    0	    0	    0	    0	    0	
num 0	11	    1	  150	   53	   30	   23	
num 0	12	    6	  918	  287	  184	  147	
num 0	13	   23	 3563	  982	  805	  538	
num 0	14	   58	 8899	 2463	 2162	 1324	
num 0	15	  200	31171	 8336	 6753	 4940	
num 0	16	  825	126356	35162	28374	21308	
num 1	0	    5	  788	  192	  271	   29	
num 1	1	    0	    0	    0	    0	    0	
num 1	2	    0	    0	    0	    0	    0	
num 1	3	    0	    0	    0	    0	    0	
num 1	4	    0	    0	    0	    0	    0	
num 1	5	    2	  262	  126	   79	   45	
num 1	6	    0	    0	    0	    0	    0	
num 1	7	    2	  325	   84	   63	   40	
num 1	8	    4	  582	  201	  142	   99	
num 1	9	    2	  306	   82	   72	   52	
num 1	10	   14	 2138	  583	  540	  323	
num 1	11	   48	 7352	 1993	 1867	 1076	
num 1	12	  136	21057	 5811	 4855	 3093	
num 1	13	  389	60174	16697	13826	 8887	
num 1	14	 1135	176101	47636	40076	26747	
num 1	15	 3220	494259	138426	110855	80780	
num 2	0	    4	  613	  171	  212	   28	
num 2	1	    0	    0	    0	    0	    0	
num 2	2	    1	  135	   43	   71	    7	
num 2	3	    2	  317	   76	   57	   62	
num 2	4	    0	    0	    0	    0	    0	
num 2	5	    4	  617	  182	  146	   79	
num 2	6	    7	 1057	  302	  276	  157	
num 2	7	   15	 2281	  692	  537	  330	
num 2	8	   22	 3341	  962	  833	  496	
num 2	9	   51	 7880	 2181	 1771	 1224	
num 2	10	  152	23445	 6412	 5595	 3460	
num 2	11	  454	69869	19542	16547	10266	
num 2	12	 1365	211141	58191	49189	30919	
num 2	13	 3396	526569	143727	120372	78708	
num 2	14	 7601	1171241	324375	264648	185592	
num 3	0	   13	 1866	  599	  560	  303	
num 3	1	    1	  151	   45	   59	    1	
num 3	2	    2	  298	   95	   55	   64	
num 3	3	    2	  310	   83	   69	   50	
num 3	4	   10	 1528	  444	  343	  245	
num 3	5	   16	 2412	  752	  551	  381	
num 3	6	   34	 4998	 1649	 1269	  788	
num 3	7	   88	13575	 3774	 3161	 2018	
num 3	8	  216	33145	 9261	 7878	 5012	
num 3	9	  423	65037	18090	15321	 9840	
num 3	10	 1120	172461	48584	40294	25381	
num 3	11	 3035	468296	129689	109943	69032	
num 3	12	 7099	1098781	300565	254045	163953	
num 3	13	12866	1985482	547449	453627	307138	
num 4	0	   27	 4149	 1122	 1235	  406	
num 4	1	    5	  797	  191	  169	  123	
num 4	2	   14	 2122	  656	  469	  337	
num 4	3	   18	 2754	  816	  609	  429	
num 4	4	   43	 6618	 1832	 1521	 1037	
num 4	5	   84	12856	 3643	 3041	 1964	
num 4	6	  213	32577	 9274	 7766	 4911	
num 4	7	  428	65556	18500	15475	10037	
num 4	8	 1036	158496	44967	37667	24086	
num 4	9	 2278	351294	96559	83361	51954	
num 4	10	 5361	827000	230381	193157	121878	
num 4	11	11762	1818936	500405	422717	269014	
num 4	12	18200	2812427	774647	644379	427747	
num 5	0	   72	11087	 2989	 3288	 1068	
num 5	1	   15	 2235	  711	  600	  294	
num 5	2	   25	 3777	 1118	  955	  550	
num 5	3	   75	11657	 3174	 2694	 1675	
num 5	4	  182	28275	 7653	 6255	 4409	
num 5	5	  389	59253	16986	14035	 9310	
num 5	6	  804	123044	34950	29025	18805	
num 5	7	 1649	252541	71469	59768	38366	
num 5	8	 3598	553426	154883	130083	82696	
num 5	9	 7836	1207184	337573	282737	178522	
num 5	10	15332	2367920	655259	550741	351072	
num 5	11	21044	3248724	897309	749323	491908	
num 6	0	  109	16669	 4533	 5074	 1628	
num 6	1	   30	 4634	 1264	 1145	  637	
num 6	2	   85	12808	 3807	 3222	 1923	
num 6	3	  183	28188	 7744	 6568	 4348	
num 6	4	  461	70714	20045	16287	10970	
num 6	5	 1050	160977	45115	37703	25005	
num 6	6	 2260	345943	98048	81773	52796	
num 6	7	 4579	703535	196724	166469	105496	
num 6	8	 9558	1471616	410081	346337	218814	
num 6	9	16987	2622093	726219	611283	389077	
num 6	10	21201	3275868	902226	756806	492556	
num 7	0	  275	41628	11767	12986	 4019	
num 7	1	   52	 7940	 2349	 1874	 1149	
num 7	2	  212	32089	 9322	 7990	 4871	
num 7	3	  466	70870	20355	17163	10908	
num 7	4	 1084	166094	47243	38339	25828	
num 7	5	 2464	378291	106033	88934	57526	
num 7	6	 4963	761952	214039	179619	114918	
num 7	7	 9717	1495672	415901	352610	223369	
num 7	8	16059	2478350	685348	576576	370830	
num 7	9	18698	2883158	799941	670661	432928	
num 8	0	  376	56687	15899	18195	 5475	
num 8	1	  120	18485	 5010	 4808	 2417	
num 8	2	  359	54957	15535	13146	 8266	
num 8	3	  903	137831	39538	32425	21374	
num 8	4	 2103	322294	90880	75914	49280	
num 8	5	 4467	685886	192863	160491	104312	
num 8	6	 8577	1318498	369152	308605	199457	
num 8	7	13401	2065075	573875	482486	309220	
num 8	8	14191	2187571	606809	507218	331298	
num 9	0	  458	69436	19127	21807	 6878	
num 9	1	  200	30527	 8694	 7527	 4452	
num 9	2	  558	85169	24453	20589	12637	
num 9	3	 1440	220903	62286	51592	33859	
num 9	4	 3266	501735	139972	117926	76463	
num 9	5	 6282	965346	271157	225001	146688	
num 9	6	 9654	1488529	413589	345519	223787	
num 9	7	 9917	1529605	423667	354172	231308	
num 10	0	  674	102545	28079	32427	 9493	
num 10	1	  285	43140	12685	11051	 6084	
num 10	2	  745	114458	32092	27021	17149	
num 10	3	 1890	290848	81189	67442	44361	
num 10	4	 3808	585023	164125	136416	89284	
num 10	5	 6095	938857	261241	218390	141832	
num 10	6	 5954	916989	255121	212003	140111	
num 11	0	  837	126839	35278	39878	12277	
num 11	1	  315	47604	13951	12270	 6815	
num 11	2	  879	134359	38374	31980	20311	
num 11	3	 1845	282758	79563	67433	42566	
num 11	4	 3108	478162	133229	111495	72762	
num 11	5	 3135	483538	133799	110756	74467	
num 12	0	 1046	158432	43974	49935	15435	
num 12	1	  293	44661	12796	11304	 6247	
num 12	2	  726	111056	31435	26982	16383	
num 12	3	 1237	189656	53629	44547	28840	
num 12	4	 1437	220912	61659	51592	33709	
num 13	0	  971	147045	41053	46806	13672	
num 13	1	  237	36069	10442	 9186	 4975	
num 13	2	  469	72048	20344	16884	10788	
num 13	3	  512	78423	22233	18221	12195	
num 14	0	  916	139627	38208	43625	13036	
num 14	1	  151	22826	 6674	 6045	 3111	
num 14	2	  184	28103	 7997	 6751	 4253	
num 15	0	  609	92839	25095	29218	 8752	
num 15	1	   63	 9473	 2793	 2609	 1253	
num 16	0	  325	47721	14247	15356	 5876	

