zeusmp         
num 0	0	149.391	30.895	71.648	0.016	
num 0	1	101.879	55.206	76.066	1.138	
num 0	2	126.612	35.067	75.437	6.609	
num 0	3	131.009	32.568	72.062	3.759	
num 0	4	130.099	35.245	72.210	6.272	
num 0	5	114.873	54.388	52.328	15.678	
num 0	6	140.415	33.166	58.697	9.256	
num 0	7	141.817	35.169	51.225	11.222	
num 0	8	130.179	36.293	67.615	10.596	
num 0	9	108.906	38.020	73.012	11.132	
num 0	10	137.747	37.996	51.192	17.862	
num 0	11	67.831	59.888	53.052	28.897	
num 0	12	140.196	36.478	46.992	20.041	
num 0	13	87.981	51.753	31.251	27.871	
num 0	14	134.674	37.817	43.477	23.454	
num 0	15	69.205	77.940	54.313	42.240	
num 0	16	157.416	29.842	57.431	7.186	
num 1	0	157.416	29.842	57.431	7.186	
num 1	1	155.390	26.509	64.085	1.043	
num 1	2	122.162	34.700	81.219	3.542	
num 1	3	143.393	30.430	65.271	2.231	
num 1	4	120.899	35.993	77.801	5.810	
num 1	5	141.473	31.635	57.636	10.800	
num 1	6	131.962	37.821	60.413	12.593	
num 1	7	125.598	35.799	71.829	8.369	
num 1	8	129.869	37.435	67.064	10.522	
num 1	9	140.397	34.531	48.545	15.992	
num 1	10	126.848	42.006	50.012	22.774	
num 1	11	139.928	37.105	45.553	21.008	
num 1	12	136.739	36.925	45.452	21.514	
num 1	13	133.818	41.954	42.043	24.950	
num 1	14	112.250	48.102	51.981	30.466	
num 1	15	139.965	39.702	40.469	26.901	
num 2	0	150.995	30.002	70.750	0.128	
num 2	1	136.012	31.963	77.388	1.628	
num 2	2	139.395	32.410	73.061	2.150	
num 2	3	133.786	32.596	77.380	2.144	
num 2	4	141.597	32.173	62.164	6.839	
num 2	5	120.079	47.565	66.044	9.069	
num 2	6	133.590	36.369	62.446	10.320	
num 2	7	131.824	36.003	65.516	10.372	
num 2	8	133.005	36.577	59.043	14.031	
num 2	9	107.000	46.157	65.715	18.602	
num 2	10	143.062	36.287	46.978	19.549	
num 2	11	112.153	46.891	56.254	28.519	
num 2	12	134.576	37.490	46.361	24.376	
num 2	13	113.391	47.761	51.655	30.998	
num 2	14	136.576	40.721	41.848	27.892	
num 3	0	148.499	32.236	71.079	0.129	
num 3	1	141.183	31.674	72.136	2.006	
num 3	2	144.938	31.350	70.641	4.791	
num 3	3	137.094	35.557	67.883	6.456	
num 3	4	120.607	42.916	61.623	17.493	
num 3	5	131.000	33.774	68.184	8.707	
num 3	6	123.304	38.250	68.039	11.062	
num 3	7	136.952	37.129	57.747	12.820	
num 3	8	130.669	39.857	58.364	13.754	
num 3	9	139.890	35.854	45.775	18.967	
num 3	10	130.857	42.177	50.262	20.554	
num 3	11	131.559	41.073	46.618	23.396	
num 3	12	126.559	43.995	46.558	26.737	
num 3	13	132.031	43.904	43.913	27.141	
num 4	0	148.703	30.824	72.171	0.236	
num 4	1	120.289	47.636	62.511	16.600	
num 4	2	148.537	30.571	64.385	3.530	
num 4	3	139.579	33.561	69.128	4.707	
num 4	4	149.455	31.743	65.984	4.530	
num 4	5	127.505	38.547	66.050	12.694	
num 4	6	138.468	35.432	54.020	13.692	
num 4	7	122.349	40.456	70.472	11.596	
num 4	8	134.567	38.732	54.204	17.310	
num 4	9	115.662	44.723	57.232	18.799	
num 4	10	138.663	37.736	46.748	22.805	
num 4	11	131.493	42.331	47.439	25.727	
num 4	12	134.678	41.221	44.733	26.397	
num 5	0	150.511	30.951	69.890	0.350	
num 5	1	145.542	30.615	67.858	3.026	
num 5	2	140.887	36.435	65.699	7.693	
num 5	3	147.441	32.404	68.475	3.400	
num 5	4	128.245	36.683	74.327	6.713	
num 5	5	137.590	35.501	60.006	13.909	
num 5	6	135.282	35.681	60.176	12.704	
num 5	7	128.287	38.804	60.645	12.832	
num 5	8	118.798	41.988	68.231	14.784	
num 5	9	129.154	41.138	51.597	21.879	
num 5	10	115.849	48.961	52.281	26.756	
num 5	11	129.703	43.375	45.680	28.269	
num 6	0	147.568	31.537	72.101	0.456	
num 6	1	145.662	32.396	63.461	4.426	
num 6	2	148.293	32.521	64.502	6.348	
num 6	3	126.422	39.775	71.978	8.824	
num 6	4	141.271	33.086	64.456	6.042	
num 6	5	123.810	36.538	65.882	12.340	
num 6	6	127.271	38.483	64.918	14.158	
num 6	7	122.012	41.390	62.809	15.468	
num 6	8	134.837	38.665	53.252	19.213	
num 6	9	120.237	44.689	58.832	22.117	
num 6	10	141.295	39.136	40.750	25.799	
num 7	0	146.221	32.049	72.932	0.451	
num 7	1	143.972	32.193	71.346	2.875	
num 7	2	138.837	33.807	70.540	3.805	
num 7	3	135.494	34.425	73.218	3.883	
num 7	4	131.934	35.691	71.778	6.541	
num 7	5	123.447	37.684	71.137	10.544	
num 7	6	118.497	42.510	68.145	16.812	
num 7	7	118.103	41.384	67.619	16.728	
num 7	8	119.875	41.656	65.623	18.805	
num 7	9	131.925	41.582	48.493	24.765	
num 8	0	147.832	31.475	72.188	0.413	
num 8	1	135.421	33.632	75.750	2.210	
num 8	2	138.418	33.823	72.122	4.053	
num 8	3	140.456	33.587	70.882	4.468	
num 8	4	134.356	34.283	72.450	5.933	
num 8	5	125.675	37.605	71.597	12.114	
num 8	6	124.559	39.720	66.457	16.292	
num 8	7	125.734	39.302	65.722	16.266	
num 8	8	128.574	38.910	60.193	19.359	
num 9	0	145.686	32.341	72.686	0.666	
num 9	1	138.629	33.299	71.521	3.586	
num 9	2	135.494	35.394	74.171	4.893	
num 9	3	135.561	36.096	73.453	6.228	
num 9	4	130.386	38.357	72.379	9.247	
num 9	5	122.360	41.323	67.312	16.018	
num 9	6	122.230	40.982	63.792	17.910	
num 9	7	127.823	39.302	61.689	17.105	
num 10	0	145.024	32.214	73.337	0.802	
num 10	1	132.376	35.442	74.983	4.214	
num 10	2	148.245	32.355	60.699	5.741	
num 10	3	136.384	35.763	68.448	6.449	
num 10	4	134.892	36.766	66.198	10.552	
num 10	5	111.407	48.067	66.469	20.000	
num 10	6	136.524	38.532	51.110	20.839	
num 11	0	142.735	34.761	72.918	1.145	
num 11	1	143.111	34.203	66.871	6.193	
num 11	2	133.000	38.317	71.718	8.318	
num 11	3	137.274	36.650	67.878	9.529	
num 11	4	131.703	38.775	71.046	8.862	
num 11	5	126.235	41.494	58.681	19.534	
num 12	0	145.234	32.542	72.411	1.380	
num 12	1	130.634	37.391	69.780	8.626	
num 12	2	144.704	35.035	60.503	11.097	
num 12	3	138.601	36.740	66.139	9.865	
num 12	4	143.502	34.027	55.987	13.522	
num 13	0	136.497	39.468	74.065	1.846	
num 13	1	145.141	33.296	57.810	10.795	
num 13	2	136.561	36.487	65.950	10.405	
num 13	3	143.335	35.141	56.436	12.519	
num 14	0	145.740	32.800	70.377	2.642	
num 14	1	136.403	36.327	64.296	9.989	
num 14	2	148.190	32.607	54.264	14.341	
num 15	0	141.885	35.788	71.078	3.116	
num 15	1	158.290	30.611	48.089	13.395	
num 16	0	149.735	31.980	64.851	5.001	

GemsFDTD       
num 0	0	110.743	61.921	81.786	0.367	
num 0	1	188.754	2.070	1.150	2.138	
num 0	2	97.064	68.530	80.239	6.711	
num 0	3	90.428	50.852	70.662	9.904	
num 0	4	102.745	65.497	72.199	11.888	
num 0	5	100.777	60.040	60.224	16.207	
num 0	6	92.652	69.239	71.203	19.328	
num 0	7	93.722	65.996	59.960	25.925	
num 0	8	92.223	69.227	57.414	33.408	
num 0	9	89.488	69.433	51.503	34.295	
num 0	10	89.607	71.421	58.843	34.160	
num 0	11	93.625	67.801	53.037	39.483	
num 0	12	90.093	69.653	56.943	38.356	
num 0	13	85.713	71.570	52.658	44.939	
num 0	14	83.328	72.138	54.771	44.869	
num 0	15	82.323	72.046	51.597	49.168	
num 0	16	82.951	71.973	58.974	41.235	
num 1	0	82.951	71.973	58.974	41.235	
num 1	1	92.849	68.749	84.164	6.032	
num 1	2	96.544	72.407	74.896	8.455	
num 1	3	116.159	60.451	62.326	13.285	
num 1	4	102.118	64.745	71.445	13.913	
num 1	5	102.239	65.019	67.155	17.460	
num 1	6	96.791	65.745	63.410	25.102	
num 1	7	99.664	65.453	53.179	33.979	
num 1	8	85.001	73.415	54.633	39.172	
num 1	9	89.378	70.067	57.988	34.891	
num 1	10	87.261	71.717	58.179	37.503	
num 1	11	86.722	72.149	56.946	39.116	
num 1	12	83.118	73.332	54.813	43.758	
num 1	13	84.568	71.822	52.783	45.944	
num 1	14	83.124	71.770	53.314	46.926	
num 1	15	81.247	71.891	53.278	48.719	
num 2	0	110.489	63.704	75.332	5.135	
num 2	1	95.664	71.869	75.204	8.441	
num 2	2	116.794	59.939	67.051	8.599	
num 2	3	109.945	61.371	60.778	15.841	
num 2	4	110.766	61.091	66.185	14.422	
num 2	5	102.891	64.395	61.017	22.251	
num 2	6	96.159	68.255	61.693	27.759	
num 2	7	94.338	65.028	52.859	34.500	
num 2	8	89.514	70.551	58.972	33.427	
num 2	9	90.167	70.924	54.525	39.045	
num 2	10	86.602	73.490	56.701	38.181	
num 2	11	87.803	71.054	53.482	42.705	
num 2	12	85.961	71.700	54.106	43.351	
num 2	13	83.099	72.515	53.204	46.316	
num 2	14	81.319	71.875	53.622	48.317	
num 3	0	105.050	67.008	75.670	6.456	
num 3	1	109.101	62.875	70.490	9.319	
num 3	2	126.969	53.733	59.822	11.666	
num 3	3	100.709	62.427	73.993	14.852	
num 3	4	94.007	70.449	73.510	13.896	
num 3	5	90.584	70.485	63.276	27.957	
num 3	6	93.371	68.539	61.297	28.140	
num 3	7	91.649	69.962	57.880	33.557	
num 3	8	89.341	71.283	55.697	38.370	
num 3	9	88.684	70.839	57.036	38.261	
num 3	10	86.225	71.668	56.545	40.582	
num 3	11	85.765	71.651	54.518	43.184	
num 3	12	84.095	71.843	52.992	46.203	
num 3	13	81.485	71.769	53.835	48.046	
num 4	0	107.521	65.306	71.737	9.540	
num 4	1	109.754	63.090	66.765	8.541	
num 4	2	116.699	58.454	66.843	10.267	
num 4	3	108.629	62.759	65.572	14.784	
num 4	4	96.668	69.076	70.488	16.312	
num 4	5	91.410	71.972	63.403	24.961	
num 4	6	93.081	69.470	63.349	28.600	
num 4	7	88.008	71.470	58.017	36.927	
num 4	8	89.397	71.289	57.603	36.451	
num 4	9	86.866	71.533	57.283	39.322	
num 4	10	85.109	72.249	56.016	41.697	
num 4	11	83.990	72.413	54.066	44.662	
num 4	12	81.998	71.503	53.808	47.825	
num 5	0	108.960	63.598	69.032	10.954	
num 5	1	105.622	63.176	73.851	9.495	
num 5	2	95.618	68.459	78.018	9.889	
num 5	3	93.640	70.660	66.940	21.097	
num 5	4	95.317	69.538	69.833	17.455	
num 5	5	96.086	66.848	64.108	25.581	
num 5	6	94.480	70.089	60.706	29.386	
num 5	7	89.031	70.678	59.623	35.406	
num 5	8	94.874	67.686	57.701	34.650	
num 5	9	85.895	71.489	57.170	40.508	
num 5	10	84.418	72.119	55.265	43.314	
num 5	11	91.339	67.986	50.782	45.026	
num 6	0	107.206	64.315	70.177	12.565	
num 6	1	104.191	66.322	66.118	15.592	
num 6	2	96.960	67.644	71.249	16.450	
num 6	3	98.170	66.340	67.402	19.283	
num 6	4	94.946	70.536	67.739	21.546	
num 6	5	93.969	69.375	61.009	30.294	
num 6	6	90.404	70.884	62.881	30.688	
num 6	7	89.563	71.124	60.906	33.297	
num 6	8	90.299	69.672	58.664	36.424	
num 6	9	85.001	71.803	55.177	43.127	
num 6	10	82.453	71.282	54.043	47.351	
num 7	0	106.507	64.910	69.895	12.791	
num 7	1	102.506	67.074	69.838	14.368	
num 7	2	99.479	67.186	70.543	17.114	
num 7	3	101.736	65.101	63.834	23.586	
num 7	4	100.368	66.364	62.834	25.277	
num 7	5	93.091	70.209	63.107	28.565	
num 7	6	98.207	67.641	58.655	30.373	
num 7	7	87.559	71.646	61.493	34.230	
num 7	8	88.097	70.257	58.565	38.166	
num 7	9	91.758	68.087	50.626	44.657	
num 8	0	105.802	65.093	68.458	15.542	
num 8	1	99.455	68.339	68.725	17.187	
num 8	2	98.224	68.146	67.458	20.593	
num 8	3	94.173	69.784	64.221	26.622	
num 8	4	97.148	67.419	62.714	27.685	
num 8	5	96.618	68.574	60.029	29.687	
num 8	6	97.056	67.482	57.596	32.814	
num 8	7	85.907	71.736	60.505	36.918	
num 8	8	85.813	69.849	56.708	42.747	
num 9	0	105.089	65.541	69.042	15.134	
num 9	1	101.000	67.878	67.730	17.951	
num 9	2	98.848	68.040	68.796	19.153	
num 9	3	94.283	69.999	67.143	23.620	
num 9	4	92.428	70.635	64.785	27.165	
num 9	5	96.702	68.524	58.868	30.877	
num 9	6	94.488	68.215	57.047	35.249	
num 9	7	86.064	70.817	58.104	40.056	
num 10	0	103.341	66.257	68.712	16.661	
num 10	1	97.767	69.834	71.970	14.915	
num 10	2	105.836	65.176	63.655	20.156	
num 10	3	100.170	68.022	62.904	23.939	
num 10	4	97.212	67.338	60.265	30.138	
num 10	5	94.514	68.882	58.085	33.515	
num 10	6	90.812	68.834	55.522	39.893	
num 11	0	103.406	66.121	68.255	17.238	
num 11	1	96.747	70.940	70.721	16.612	
num 11	2	103.666	65.996	63.171	22.058	
num 11	3	92.164	70.569	65.814	26.443	
num 11	4	94.945	68.087	59.296	32.704	
num 11	5	93.613	68.186	56.754	36.495	
num 12	0	101.568	66.502	67.657	19.317	
num 12	1	95.203	70.526	70.316	18.595	
num 12	2	92.809	70.269	65.948	25.869	
num 12	3	95.691	68.861	60.821	29.598	
num 12	4	90.427	69.395	57.082	38.150	
num 13	0	100.789	66.684	66.922	20.641	
num 13	1	100.489	67.511	64.437	22.510	
num 13	2	90.776	70.023	64.147	30.065	
num 13	3	87.968	70.501	63.497	33.040	
num 14	0	98.255	67.270	65.362	24.221	
num 14	1	93.446	70.410	65.928	25.187	
num 14	2	92.781	68.738	57.598	35.903	
num 15	0	96.552	67.567	64.142	26.818	
num 15	1	90.782	70.636	64.563	28.996	
num 16	0	93.065	68.232	61.868	31.934	

gobmk          
num 0	0	160.630	25.288	33.458	2.394	
num 0	1	157.753	27.107	33.170	4.500	
num 0	2	154.919	27.021	32.207	6.427	
num 0	3	149.796	27.398	31.358	8.952	
num 0	4	149.216	29.051	30.759	11.209	
num 0	5	140.399	28.513	28.707	12.265	
num 0	6	125.169	38.573	36.470	16.599	
num 0	7	129.950	34.841	35.466	16.916	
num 0	8	118.628	41.925	39.740	20.805	
num 0	9	119.015	40.377	36.898	22.612	
num 0	10	108.445	40.604	37.078	23.453	
num 0	11	68.751	27.192	23.311	15.839	
num 0	12	31.156	20.235	20.235	10.599	
num 0	13	0.000	0.000	0.000	0.000	
num 0	14	52.484	20.310	26.566	17.579	
num 0	15	34.268	21.823	26.637	12.141	
num 0	16	160.096	25.618	33.388	3.428	
num 1	0	160.096	25.618	33.388	3.428	
num 1	1	157.603	26.666	33.070	5.191	
num 1	2	152.328	27.336	32.224	7.190	
num 1	3	150.794	28.217	31.298	9.871	
num 1	4	147.773	29.740	31.140	11.500	
num 1	5	138.780	32.344	30.736	14.692	
num 1	6	129.789	38.671	37.042	17.347	
num 1	7	127.486	39.549	37.098	19.447	
num 1	8	118.087	41.442	37.734	21.820	
num 1	9	117.862	40.404	36.524	23.209	
num 1	10	106.037	39.785	33.888	23.193	
num 1	11	102.403	9.404	14.629	7.314	
num 1	12	0.000	0.000	0.000	0.000	
num 1	13	43.702	26.882	28.801	17.531	
num 1	14	68.243	40.267	39.508	26.377	
num 1	15	75.914	49.713	46.377	33.541	
num 2	0	160.741	26.207	33.385	4.031	
num 2	1	158.549	27.014	32.936	5.866	
num 2	2	153.817	28.019	32.175	8.227	
num 2	3	149.927	28.607	31.191	10.429	
num 2	4	144.235	29.835	31.038	11.860	
num 2	5	139.283	34.815	33.353	15.957	
num 2	6	128.221	39.809	37.892	17.815	
num 2	7	121.620	40.122	36.536	20.805	
num 2	8	116.103	41.994	37.412	22.489	
num 2	9	114.844	41.784	37.055	23.652	
num 2	10	78.460	32.412	33.246	18.152	
num 2	11	54.551	20.784	24.178	17.015	
num 2	12	52.132	24.322	22.230	20.920	
num 2	13	81.758	47.306	44.390	32.092	
num 2	14	83.378	46.529	45.985	32.225	
num 3	0	160.258	26.333	33.365	4.409	
num 3	1	156.767	27.648	33.275	6.675	
num 3	2	154.323	28.673	32.289	9.079	
num 3	3	147.501	29.667	31.665	11.185	
num 3	4	145.948	31.828	33.096	12.536	
num 3	5	135.558	36.156	34.875	16.259	
num 3	6	129.894	39.366	37.070	18.112	
num 3	7	119.088	40.306	36.334	21.474	
num 3	8	115.593	42.521	37.351	23.437	
num 3	9	114.033	40.273	35.125	24.765	
num 3	10	109.249	39.433	35.313	25.585	
num 3	11	93.719	39.988	32.183	28.694	
num 3	12	78.454	50.191	49.152	30.321	
num 3	13	80.086	48.271	45.907	33.855	
num 4	0	158.614	26.962	33.623	5.166	
num 4	1	155.594	28.195	33.005	7.570	
num 4	2	149.914	30.583	33.719	10.226	
num 4	3	146.979	31.410	32.938	12.083	
num 4	4	143.680	32.655	33.589	13.484	
num 4	5	131.457	36.160	34.289	16.604	
num 4	6	126.892	38.259	35.656	18.276	
num 4	7	119.882	39.851	35.843	21.759	
num 4	8	109.145	40.894	36.845	22.412	
num 4	9	108.459	41.161	36.709	23.453	
num 4	10	107.309	44.834	39.762	26.093	
num 4	11	77.650	39.912	40.987	27.779	
num 4	12	87.137	46.782	41.837	32.362	
num 5	0	158.449	27.047	33.559	5.310	
num 5	1	152.141	29.697	33.819	8.708	
num 5	2	148.023	31.428	34.049	10.943	
num 5	3	144.366	32.489	33.710	12.844	
num 5	4	140.901	34.273	34.070	15.199	
num 5	5	132.276	36.757	34.692	17.735	
num 5	6	123.557	38.831	35.671	19.940	
num 5	7	115.753	40.437	37.314	22.001	
num 5	8	112.875	42.072	39.561	22.510	
num 5	9	107.816	42.796	38.399	24.356	
num 5	10	101.490	42.100	40.201	25.789	
num 5	11	82.271	48.722	42.489	32.061	
num 6	0	154.524	28.815	34.372	6.731	
num 6	1	149.952	30.667	34.429	9.394	
num 6	2	146.169	32.155	34.600	11.440	
num 6	3	141.797	33.628	34.308	13.847	
num 6	4	137.933	35.297	34.308	16.043	
num 6	5	129.295	38.322	36.099	19.131	
num 6	6	119.472	40.002	36.833	20.711	
num 6	7	117.383	40.982	37.544	22.244	
num 6	8	113.693	42.685	39.672	23.033	
num 6	9	111.249	43.336	39.598	24.327	
num 6	10	102.358	43.926	40.127	27.785	
num 7	0	154.145	28.929	34.582	6.787	
num 7	1	148.769	31.159	34.751	9.763	
num 7	2	144.845	32.711	34.945	11.943	
num 7	3	141.329	34.233	34.445	14.435	
num 7	4	133.397	37.049	36.178	17.112	
num 7	5	126.596	39.793	36.626	20.566	
num 7	6	123.780	41.470	37.846	21.347	
num 7	7	119.777	42.362	38.971	22.299	
num 7	8	113.794	41.804	39.580	23.056	
num 7	9	110.442	42.543	39.963	24.070	
num 8	0	152.819	29.577	34.954	7.093	
num 8	1	147.902	31.539	34.911	10.013	
num 8	2	144.203	33.018	35.010	12.134	
num 8	3	137.044	35.684	35.670	15.338	
num 8	4	130.210	38.941	36.623	18.668	
num 8	5	124.383	40.827	38.302	20.223	
num 8	6	124.875	40.758	38.256	20.554	
num 8	7	119.255	41.408	38.508	21.927	
num 8	8	113.676	42.148	39.711	22.641	
num 9	0	152.846	29.146	34.973	6.772	
num 9	1	147.664	31.559	34.979	10.162	
num 9	2	139.587	33.845	35.314	13.038	
num 9	3	131.351	38.290	37.552	16.543	
num 9	4	129.831	38.895	36.918	18.798	
num 9	5	124.744	40.777	38.377	19.837	
num 9	6	126.540	40.228	38.162	19.512	
num 9	7	117.050	40.625	38.228	21.064	
num 10	0	153.625	29.211	35.082	6.525	
num 10	1	143.496	32.656	35.875	10.821	
num 10	2	138.203	35.366	36.205	13.962	
num 10	3	132.487	37.933	37.108	16.916	
num 10	4	129.177	38.096	36.627	17.884	
num 10	5	130.664	38.536	36.803	17.734	
num 10	6	125.739	40.250	38.360	19.232	
num 11	0	150.409	29.442	35.287	6.728	
num 11	1	142.060	33.813	36.399	11.309	
num 11	2	136.097	35.820	36.696	14.796	
num 11	3	132.900	36.579	36.687	15.821	
num 11	4	139.628	33.802	34.822	13.735	
num 11	5	133.620	37.558	36.069	17.195	
num 12	0	146.444	31.711	36.493	8.200	
num 12	1	140.192	34.066	36.439	11.833	
num 12	2	144.666	32.909	34.993	11.797	
num 12	3	146.126	31.309	33.727	11.077	
num 12	4	138.588	32.891	34.316	12.857	
num 13	0	145.711	32.537	37.021	9.173	
num 13	1	144.513	32.260	35.592	10.166	
num 13	2	148.923	28.802	33.551	7.802	
num 13	3	147.281	30.634	33.804	10.267	
num 14	0	149.932	31.071	35.391	8.048	
num 14	1	153.612	26.831	33.340	5.392	
num 14	2	148.797	28.491	34.013	7.257	
num 15	0	158.733	25.406	33.787	2.615	
num 15	1	155.342	26.790	34.127	5.202	
num 16	0	158.655	25.504	34.113	2.511	

bzip2          
num 0	0	132.243	45.307	59.291	7.040	
num 0	1	125.705	48.794	59.703	10.374	
num 0	2	126.053	43.462	61.542	8.411	
num 0	3	112.951	46.055	64.780	10.992	
num 0	4	120.694	44.065	47.997	14.723	
num 0	5	107.292	43.517	49.804	19.662	
num 0	6	129.535	38.744	45.330	21.821	
num 0	7	92.881	51.761	57.559	19.594	
num 0	8	93.854	45.653	49.447	22.028	
num 0	9	117.010	46.005	34.713	23.051	
num 0	10	78.793	54.418	46.224	27.157	
num 0	11	94.243	46.832	39.053	29.564	
num 0	12	108.314	47.498	41.888	36.747	
num 0	13	102.407	48.213	41.854	35.201	
num 0	14	98.155	55.093	45.353	39.688	
num 0	15	93.999	59.215	45.700	41.738	
num 0	16	100.131	59.830	50.352	34.513	
num 1	0	100.131	59.830	50.352	34.513	
num 1	1	128.484	45.876	60.782	9.684	
num 1	2	119.444	46.839	61.834	12.869	
num 1	3	117.214	45.651	60.770	15.001	
num 1	4	117.200	47.684	50.689	20.062	
num 1	5	115.922	48.975	55.735	16.515	
num 1	6	102.356	52.567	54.286	24.803	
num 1	7	108.057	46.930	46.234	26.672	
num 1	8	104.739	46.724	38.318	30.236	
num 1	9	99.668	51.666	48.201	33.611	
num 1	10	102.622	47.050	42.288	31.366	
num 1	11	99.952	53.895	45.844	35.851	
num 1	12	103.108	53.577	45.592	37.338	
num 1	13	100.472	55.926	45.802	40.221	
num 1	14	96.430	59.305	45.941	43.221	
num 1	15	83.281	67.181	47.181	47.252	
num 2	0	125.917	47.826	60.816	10.268	
num 2	1	124.754	47.147	59.183	13.329	
num 2	2	120.007	48.778	56.309	15.918	
num 2	3	110.843	54.291	56.793	17.106	
num 2	4	111.020	51.911	50.878	24.823	
num 2	5	113.786	50.975	54.655	21.095	
num 2	6	109.493	51.927	48.329	25.219	
num 2	7	107.676	50.898	47.978	27.603	
num 2	8	104.079	50.998	48.119	28.626	
num 2	9	103.718	49.914	44.950	31.275	
num 2	10	103.021	54.043	46.410	34.151	
num 2	11	103.628	53.522	46.588	35.891	
num 2	12	101.365	55.523	45.198	38.534	
num 2	13	97.846	58.613	46.474	41.962	
num 2	14	84.662	66.448	47.358	46.428	
num 3	0	126.756	47.724	59.829	10.518	
num 3	1	119.251	50.665	58.395	16.515	
num 3	2	125.445	46.815	50.820	17.371	
num 3	3	113.514	48.999	53.774	23.004	
num 3	4	111.694	49.179	51.178	23.817	
num 3	5	121.229	46.014	47.993	24.058	
num 3	6	110.049	48.699	48.490	28.234	
num 3	7	106.297	53.608	50.143	29.204	
num 3	8	100.179	55.945	49.141	30.441	
num 3	9	109.605	52.705	46.955	33.528	
num 3	10	106.894	53.367	46.391	34.531	
num 3	11	104.534	54.525	45.638	37.724	
num 3	12	101.655	56.842	45.767	40.632	
num 3	13	87.826	64.741	46.151	46.178	
num 4	0	125.872	47.866	59.130	11.958	
num 4	1	119.554	50.480	59.256	15.124	
num 4	2	116.038	50.186	56.244	18.752	
num 4	3	117.645	48.939	55.119	19.518	
num 4	4	115.822	48.918	53.505	21.045	
num 4	5	111.177	49.709	54.838	22.557	
num 4	6	109.882	51.620	50.102	28.544	
num 4	7	108.206	52.078	48.323	30.654	
num 4	8	105.642	54.821	50.353	31.976	
num 4	9	105.059	55.083	49.244	33.763	
num 4	10	105.128	55.036	48.491	36.229	
num 4	11	102.035	56.623	46.810	39.428	
num 4	12	89.502	63.986	45.441	45.968	
num 5	0	125.196	47.314	59.671	13.016	
num 5	1	121.697	48.873	56.513	18.113	
num 5	2	114.921	51.402	57.065	18.916	
num 5	3	114.121	51.081	56.297	19.513	
num 5	4	113.223	51.016	52.672	22.370	
num 5	5	109.920	52.652	52.141	26.508	
num 5	6	106.063	54.699	50.989	28.398	
num 5	7	107.473	52.041	50.544	29.607	
num 5	8	106.159	53.211	48.697	32.082	
num 5	9	103.986	54.643	47.880	34.706	
num 5	10	103.812	55.760	46.859	38.464	
num 5	11	90.035	63.592	46.296	44.973	
num 6	0	125.257	47.798	59.046	13.096	
num 6	1	119.197	49.613	55.201	17.001	
num 6	2	119.340	50.374	56.075	18.177	
num 6	3	113.928	52.769	55.413	21.856	
num 6	4	111.741	51.517	54.014	23.239	
num 6	5	110.426	51.945	51.847	26.031	
num 6	6	107.310	53.607	51.003	27.736	
num 6	7	106.791	53.397	50.829	30.217	
num 6	8	106.460	54.607	50.269	33.548	
num 6	9	103.052	56.035	49.170	36.640	
num 6	10	91.067	63.096	46.514	44.219	
num 7	0	124.169	48.196	59.566	13.265	
num 7	1	119.162	50.712	57.388	17.934	
num 7	2	116.857	50.914	56.561	19.634	
num 7	3	113.814	50.429	55.055	21.323	
num 7	4	114.837	52.380	53.777	24.203	
num 7	5	108.361	53.386	52.296	26.578	
num 7	6	108.296	54.353	51.971	29.790	
num 7	7	105.125	53.913	50.149	31.470	
num 7	8	104.388	55.604	49.000	35.903	
num 7	9	92.440	61.866	47.450	42.663	
num 8	0	122.439	48.596	57.612	13.687	
num 8	1	119.368	50.517	56.334	18.977	
num 8	2	113.553	51.505	55.891	20.489	
num 8	3	111.616	51.816	55.583	21.640	
num 8	4	112.848	52.435	54.635	25.279	
num 8	5	108.485	52.678	52.740	27.330	
num 8	6	108.105	54.445	51.472	30.862	
num 8	7	104.886	55.366	50.742	33.901	
num 8	8	94.278	61.042	48.217	41.347	
num 9	0	122.661	49.069	58.104	15.362	
num 9	1	117.636	51.470	56.485	18.986	
num 9	2	115.688	51.991	55.647	21.559	
num 9	3	112.345	52.324	54.438	23.198	
num 9	4	109.950	52.883	53.375	25.232	
num 9	5	108.928	54.034	52.466	29.468	
num 9	6	105.985	55.362	50.814	32.724	
num 9	7	95.690	60.320	48.758	39.642	
num 10	0	119.766	49.727	57.388	15.912	
num 10	1	116.130	51.978	57.391	19.386	
num 10	2	115.333	52.219	55.322	22.010	
num 10	3	113.143	53.205	54.440	24.409	
num 10	4	110.448	54.049	53.138	27.562	
num 10	5	106.600	55.431	52.566	30.600	
num 10	6	95.858	59.862	49.570	37.860	
num 11	0	121.309	49.462	57.877	16.236	
num 11	1	115.353	52.068	56.308	21.156	
num 11	2	112.719	53.010	55.117	23.119	
num 11	3	111.611	53.841	53.822	25.923	
num 11	4	108.528	54.685	52.702	28.981	
num 11	5	97.890	59.877	51.363	36.067	
num 12	0	119.734	50.141	57.158	17.852	
num 12	1	115.772	51.708	55.608	21.738	
num 12	2	111.136	53.584	54.486	25.203	
num 12	3	109.134	54.776	53.259	27.728	
num 12	4	99.854	59.455	51.300	34.587	
num 13	0	119.378	50.170	56.973	18.306	
num 13	1	114.624	52.130	54.884	23.257	
num 13	2	110.010	54.272	54.078	26.536	
num 13	3	100.255	59.046	51.505	33.159	
num 14	0	118.689	50.540	56.294	19.372	
num 14	1	112.985	52.811	55.129	23.970	
num 14	2	102.116	58.651	52.344	31.784	
num 15	0	117.736	50.782	56.514	19.864	
num 15	1	105.306	57.044	53.299	29.247	
num 16	0	109.419	55.074	54.478	25.395	

h264ref        
num 0	0	108.107	21.022	22.006	8.884	
num 0	1	97.737	20.680	20.651	9.520	
num 0	2	86.995	19.556	19.864	9.884	
num 0	3	69.673	16.959	12.104	9.886	
num 0	4	37.441	5.813	7.503	4.593	
num 0	5	35.135	10.174	5.991	5.345	
num 0	6	37.000	8.086	7.597	5.017	
num 0	7	34.897	7.158	12.405	6.281	
num 0	8	42.017	14.534	15.489	8.555	
num 0	9	70.776	9.750	12.571	17.631	
num 0	10	11.353	2.027	2.500	3.613	
num 0	11	2.075	0.349	0.471	0.198	
num 0	12	8.242	1.491	1.550	2.367	
num 0	13	12.886	2.166	3.244	3.210	
num 0	14	84.316	11.070	14.232	10.641	
num 0	15	75.931	26.915	25.875	18.881	
num 0	16	107.489	21.126	21.995	9.411	
num 1	0	107.489	21.126	21.995	9.411	
num 1	1	99.272	20.129	19.891	10.050	
num 1	2	98.509	19.557	20.281	10.671	
num 1	3	74.753	14.536	15.816	10.283	
num 1	4	77.698	16.875	18.437	9.906	
num 1	5	80.147	18.196	26.707	11.608	
num 1	6	34.353	9.136	12.880	4.266	
num 1	7	84.689	21.680	28.197	14.247	
num 1	8	48.120	13.793	19.039	8.490	
num 1	9	32.780	6.144	9.845	6.908	
num 1	10	58.223	16.347	16.508	8.274	
num 1	11	78.756	16.028	22.403	15.888	
num 1	12	70.652	17.624	18.322	13.661	
num 1	13	89.348	24.207	20.704	26.401	
num 1	14	85.810	16.931	19.880	24.981	
num 1	15	77.463	23.655	27.940	19.376	
num 2	0	107.474	21.140	21.876	9.530	
num 2	1	98.026	21.319	21.370	10.175	
num 2	2	95.460	21.022	20.406	11.682	
num 2	3	93.830	20.074	21.632	12.623	
num 2	4	77.741	20.530	16.405	11.062	
num 2	5	90.740	20.569	23.648	13.734	
num 2	6	69.322	13.284	14.841	14.190	
num 2	7	58.549	17.028	14.698	11.269	
num 2	8	51.063	13.931	16.791	7.656	
num 2	9	73.175	12.904	19.562	14.620	
num 2	10	95.648	16.552	20.355	14.269	
num 2	11	88.631	22.312	21.019	15.817	
num 2	12	82.704	18.684	19.555	15.874	
num 2	13	84.975	20.290	27.264	18.860	
num 2	14	82.853	27.167	29.403	21.238	
num 3	0	106.927	21.485	21.849	9.759	
num 3	1	100.874	21.037	21.234	10.826	
num 3	2	94.367	21.091	22.967	11.297	
num 3	3	87.602	18.665	19.529	11.257	
num 3	4	95.064	18.819	19.349	15.603	
num 3	5	89.793	21.310	23.737	14.617	
num 3	6	81.826	21.490	18.649	14.178	
num 3	7	83.300	18.899	18.601	15.858	
num 3	8	96.317	22.387	23.023	18.584	
num 3	9	82.750	18.920	19.435	15.774	
num 3	10	85.484	23.172	21.672	17.456	
num 3	11	89.972	19.593	20.640	16.650	
num 3	12	89.005	19.770	21.987	17.671	
num 3	13	81.858	21.937	25.233	19.405	
num 4	0	106.815	21.458	21.911	9.835	
num 4	1	105.629	20.692	20.975	11.412	
num 4	2	95.124	20.395	22.117	11.852	
num 4	3	94.388	19.289	21.204	13.758	
num 4	4	91.665	20.245	22.332	13.921	
num 4	5	94.906	19.469	19.935	15.178	
num 4	6	94.177	19.536	19.679	15.421	
num 4	7	89.100	20.408	22.263	16.014	
num 4	8	96.607	22.245	24.241	16.926	
num 4	9	95.071	23.435	22.641	19.164	
num 4	10	89.481	21.846	22.101	17.961	
num 4	11	96.914	22.102	23.116	18.530	
num 4	12	84.265	22.249	24.822	20.054	
num 5	0	105.956	21.460	22.317	10.287	
num 5	1	99.714	21.521	21.682	11.055	
num 5	2	102.680	21.530	21.660	12.838	
num 5	3	94.614	21.084	19.945	13.192	
num 5	4	99.052	22.520	22.277	16.463	
num 5	5	96.797	24.819	22.698	16.183	
num 5	6	100.374	21.022	21.915	17.001	
num 5	7	90.320	20.800	22.230	15.424	
num 5	8	92.991	23.024	24.577	19.428	
num 5	9	88.967	21.482	21.736	15.813	
num 5	10	88.172	20.264	23.629	19.323	
num 5	11	87.047	24.481	26.976	21.516	
num 6	0	105.601	21.528	22.776	10.115	
num 6	1	96.468	21.057	21.898	11.317	
num 6	2	102.244	22.662	22.925	12.667	
num 6	3	101.979	21.523	22.499	14.497	
num 6	4	91.624	20.402	22.961	14.169	
num 6	5	96.245	23.932	23.329	16.991	
num 6	6	96.750	22.233	22.868	18.168	
num 6	7	97.311	21.692	23.571	17.737	
num 6	8	96.790	21.652	24.645	17.574	
num 6	9	94.113	22.881	24.730	18.937	
num 6	10	85.207	21.709	24.246	17.271	
num 7	0	106.891	20.895	22.244	9.990	
num 7	1	103.716	22.435	22.567	11.780	
num 7	2	96.122	21.249	20.940	12.429	
num 7	3	99.288	23.008	23.853	14.163	
num 7	4	97.307	22.472	24.470	16.248	
num 7	5	99.433	21.147	23.388	16.344	
num 7	6	95.630	23.782	24.865	16.221	
num 7	7	94.282	24.341	25.099	16.940	
num 7	8	93.757	23.168	23.687	20.048	
num 7	9	91.694	24.469	26.513	17.985	
num 8	0	106.990	21.195	22.278	10.035	
num 8	1	104.869	21.718	21.866	12.044	
num 8	2	100.793	22.941	23.763	12.814	
num 8	3	94.376	20.485	21.799	13.062	
num 8	4	97.479	22.399	24.422	15.720	
num 8	5	97.349	22.527	25.266	15.355	
num 8	6	95.699	23.200	25.229	16.534	
num 8	7	94.096	22.996	25.785	17.434	
num 8	8	93.126	23.250	26.607	17.515	
num 9	0	107.021	21.060	22.164	10.066	
num 9	1	104.073	22.482	22.004	11.939	
num 9	2	103.482	21.973	21.748	12.817	
num 9	3	94.545	20.866	21.130	13.181	
num 9	4	97.776	23.035	23.725	15.484	
num 9	5	97.359	23.130	24.075	16.097	
num 9	6	96.804	21.874	23.810	18.009	
num 9	7	94.203	23.573	23.361	19.361	
num 10	0	107.780	20.782	21.954	9.981	
num 10	1	105.245	21.444	21.846	11.777	
num 10	2	102.706	21.942	22.290	13.081	
num 10	3	99.731	22.878	22.426	15.462	
num 10	4	96.910	22.313	23.767	17.670	
num 10	5	96.459	22.640	25.265	16.298	
num 10	6	86.279	22.920	23.945	15.629	
num 11	0	106.822	21.385	22.435	9.855	
num 11	1	103.080	22.563	22.090	12.286	
num 11	2	103.189	21.802	22.819	12.210	
num 11	3	100.300	22.477	23.127	14.757	
num 11	4	94.041	20.441	21.650	15.257	
num 11	5	88.387	22.206	24.013	14.881	
num 12	0	107.495	20.940	22.071	9.805	
num 12	1	100.016	21.308	21.262	11.386	
num 12	2	101.743	22.862	22.628	13.428	
num 12	3	95.452	20.323	21.386	14.229	
num 12	4	94.984	20.329	22.175	13.902	
num 13	0	107.881	20.783	21.864	9.491	
num 13	1	104.825	21.500	21.639	12.697	
num 13	2	103.446	22.104	22.854	12.256	
num 13	3	94.682	21.842	21.716	13.150	
num 14	0	105.805	21.313	22.142	11.400	
num 14	1	102.334	22.696	22.912	12.718	
num 14	2	102.129	22.244	22.500	11.835	
num 15	0	107.354	20.159	21.688	9.153	
num 15	1	104.641	21.262	21.546	11.259	
num 16	0	106.660	20.663	21.799	9.232	

leslie3d       
num 0	0	131.425	53.751	66.947	1.217	
num 0	1	0.000	0.000	0.000	0.000	
num 0	2	0.000	0.000	0.000	0.000	
num 0	3	0.000	0.000	0.000	0.000	
num 0	4	108.563	57.204	66.932	11.381	
num 0	5	73.767	46.726	55.197	15.599	
num 0	6	100.988	64.440	62.218	16.394	
num 0	7	0.000	0.000	0.000	0.000	
num 0	8	106.078	63.944	41.637	41.373	
num 0	9	102.518	68.861	45.046	36.345	
num 0	10	107.145	55.436	48.931	32.528	
num 0	11	90.811	59.627	46.968	35.912	
num 0	12	102.434	62.702	51.610	36.466	
num 0	13	97.130	65.125	48.169	42.771	
num 0	14	92.903	66.283	50.555	43.520	
num 0	15	90.508	66.519	50.961	45.424	
num 0	16	90.834	65.328	52.767	44.488	
num 1	0	90.834	65.328	52.767	44.488	
num 1	1	0.000	0.000	0.000	0.000	
num 1	2	89.668	67.904	60.939	4.353	
num 1	3	146.686	41.186	45.475	10.574	
num 1	4	0.000	0.000	0.000	0.000	
num 1	5	122.745	52.707	52.613	15.875	
num 1	6	66.403	15.717	8.644	9.823	
num 1	7	105.786	62.722	43.225	40.485	
num 1	8	101.164	65.674	43.527	42.291	
num 1	9	103.897	64.725	48.936	35.192	
num 1	10	103.460	63.643	50.352	35.371	
num 1	11	102.886	62.476	50.379	37.452	
num 1	12	95.582	66.703	47.977	42.951	
num 1	13	93.850	66.302	49.652	43.588	
num 1	14	91.420	66.323	50.985	44.682	
num 1	15	89.644	66.074	51.849	45.850	
num 2	0	136.887	51.439	63.178	1.836	
num 2	1	124.803	56.548	60.383	6.948	
num 2	2	136.409	50.238	54.904	9.287	
num 2	3	127.086	54.044	46.985	11.390	
num 2	4	97.877	65.398	63.516	15.523	
num 2	5	68.048	40.204	30.369	24.978	
num 2	6	106.369	63.915	48.680	33.272	
num 2	7	102.754	66.690	43.697	39.093	
num 2	8	102.014	65.312	46.766	38.663	
num 2	9	103.538	63.995	49.318	36.429	
num 2	10	102.777	62.647	51.556	36.310	
num 2	11	96.956	66.105	47.723	42.410	
num 2	12	94.387	66.338	49.501	43.015	
num 2	13	91.933	66.554	50.468	44.455	
num 2	14	89.888	66.193	51.785	45.551	
num 3	0	137.505	51.425	62.335	1.950	
num 3	1	108.894	52.708	65.970	7.938	
num 3	2	123.113	53.634	58.430	10.716	
num 3	3	58.108	15.518	13.670	4.916	
num 3	4	37.319	22.466	22.986	9.357	
num 3	5	105.778	58.161	51.824	22.865	
num 3	6	105.503	64.019	51.553	31.063	
num 3	7	104.223	63.829	45.728	39.014	
num 3	8	98.946	66.629	48.950	38.386	
num 3	9	102.794	63.474	49.958	36.979	
num 3	10	97.599	65.821	48.600	41.270	
num 3	11	95.242	66.361	49.398	42.341	
num 3	12	92.227	66.297	50.843	44.044	
num 3	13	90.096	66.175	51.713	45.428	
num 4	0	136.512	51.163	63.435	2.230	
num 4	1	122.458	56.979	62.986	9.862	
num 4	2	105.038	58.714	64.197	10.520	
num 4	3	98.574	44.400	57.787	24.865	
num 4	4	114.830	61.969	51.147	24.474	
num 4	5	105.800	63.532	53.474	27.699	
num 4	6	106.848	62.304	53.557	30.022	
num 4	7	100.499	64.959	50.797	36.842	
num 4	8	101.234	64.416	49.752	37.693	
num 4	9	97.417	66.058	48.727	40.951	
num 4	10	95.571	66.189	49.698	41.936	
num 4	11	92.737	66.411	50.613	43.631	
num 4	12	90.378	65.989	52.062	44.989	
num 5	0	133.480	53.170	62.929	3.739	
num 5	1	128.321	54.825	58.648	10.326	
num 5	2	113.915	54.602	53.211	17.350	
num 5	3	106.058	65.610	59.430	21.094	
num 5	4	113.300	60.409	53.778	24.780	
num 5	5	109.020	62.259	53.142	28.460	
num 5	6	103.248	63.638	53.246	32.839	
num 5	7	104.281	64.035	47.950	36.851	
num 5	8	97.516	66.071	48.752	40.836	
num 5	9	96.112	66.077	49.720	41.433	
num 5	10	93.241	66.105	50.874	43.121	
num 5	11	90.624	66.101	51.887	44.805	
num 6	0	130.678	53.694	64.046	4.921	
num 6	1	119.182	59.083	54.250	17.039	
num 6	2	118.742	59.065	55.201	19.125	
num 6	3	111.870	61.318	52.822	26.430	
num 6	4	109.765	62.238	52.220	28.729	
num 6	5	103.908	63.888	53.884	31.542	
num 6	6	101.613	63.629	54.047	34.054	
num 6	7	99.083	65.823	49.101	39.163	
num 6	8	94.890	66.174	49.963	42.316	
num 6	9	93.577	66.251	50.779	42.803	
num 6	10	90.676	65.967	52.107	44.663	
num 7	0	126.501	57.273	62.244	7.216	
num 7	1	114.658	61.247	53.301	22.927	
num 7	2	107.406	65.029	51.628	29.104	
num 7	3	108.516	63.810	47.840	33.095	
num 7	4	105.783	63.013	53.240	31.282	
num 7	5	102.550	63.560	51.656	35.428	
num 7	6	99.289	65.076	51.189	37.718	
num 7	7	96.857	65.845	49.929	40.678	
num 7	8	92.338	66.162	50.785	44.126	
num 7	9	90.965	66.006	52.072	44.367	
num 8	0	125.118	56.405	60.808	11.009	
num 8	1	118.826	59.243	49.227	25.603	
num 8	2	109.593	62.500	48.564	32.661	
num 8	3	106.368	63.382	50.865	32.683	
num 8	4	103.096	63.007	53.253	33.942	
num 8	5	100.616	64.840	50.542	37.293	
num 8	6	97.497	64.754	52.242	38.899	
num 8	7	94.161	65.969	50.890	42.391	
num 8	8	90.882	65.779	51.523	45.234	
num 9	0	121.370	58.329	62.471	11.102	
num 9	1	107.175	63.936	49.524	32.379	
num 9	2	107.468	62.719	50.141	32.886	
num 9	3	101.991	64.139	52.874	34.301	
num 9	4	98.234	66.236	50.218	38.630	
num 9	5	98.022	65.274	51.390	38.575	
num 9	6	93.074	66.047	51.224	43.046	
num 9	7	91.964	66.123	50.915	44.409	
num 10	0	120.454	57.827	61.609	13.400	
num 10	1	104.434	64.077	52.866	31.649	
num 10	2	105.234	62.397	54.204	31.445	
num 10	3	98.697	66.185	49.926	38.510	
num 10	4	96.332	65.981	50.763	40.241	
num 10	5	94.003	66.188	50.747	42.454	
num 10	6	91.535	65.723	51.431	44.703	
num 11	0	118.461	58.528	60.700	15.654	
num 11	1	103.352	63.578	53.935	32.163	
num 11	2	100.785	65.446	49.545	37.257	
num 11	3	98.668	65.557	49.798	39.249	
num 11	4	92.345	66.184	51.330	43.534	
num 11	5	91.899	65.915	51.252	44.344	
num 12	0	115.410	59.090	60.793	18.049	
num 12	1	99.867	65.778	51.114	36.257	
num 12	2	99.240	65.260	49.926	38.741	
num 12	3	93.652	66.324	51.028	42.313	
num 12	4	90.597	65.930	52.095	44.789	
num 13	0	110.714	61.227	59.475	21.994	
num 13	1	100.242	64.748	48.780	39.269	
num 13	2	95.675	65.658	50.771	41.232	
num 13	3	91.985	65.911	51.355	44.161	
num 14	0	105.818	62.256	58.357	26.962	
num 14	1	95.627	66.044	49.824	41.827	
num 14	2	93.690	65.277	51.725	42.642	
num 15	0	101.353	63.146	57.242	31.672	
num 15	1	95.759	64.952	49.804	42.819	
num 16	0	97.045	63.738	56.774	35.861	

omnetpp        
num 0	0	180.683	32.296	40.627	1.763	
num 0	1	177.126	33.174	40.762	4.143	
num 0	2	173.047	35.112	39.336	7.809	
num 0	3	168.792	37.190	38.156	11.232	
num 0	4	163.727	38.977	38.294	14.408	
num 0	5	160.520	40.535	36.683	17.680	
num 0	6	152.734	44.380	37.809	20.399	
num 0	7	151.676	42.969	38.886	21.828	
num 0	8	147.668	44.901	37.593	25.266	
num 0	9	138.738	48.089	42.390	25.937	
num 0	10	130.436	51.604	44.637	28.138	
num 0	11	125.968	53.516	45.419	30.051	
num 0	12	123.246	53.676	47.106	29.981	
num 0	13	0.000	0.000	0.000	0.000	
num 0	14	0.000	0.000	0.000	0.000	
num 0	15	6.988	4.011	4.001	3.045	
num 0	16	178.909	32.816	40.641	3.002	
num 1	0	178.909	32.816	40.641	3.002	
num 1	1	175.102	34.331	40.035	5.918	
num 1	2	171.266	35.955	39.087	9.108	
num 1	3	166.785	37.825	38.182	12.578	
num 1	4	162.770	39.453	37.265	15.932	
num 1	5	157.711	41.695	37.121	18.912	
num 1	6	152.268	43.871	37.719	21.560	
num 1	7	151.141	43.491	36.892	23.826	
num 1	8	141.467	47.296	40.711	25.821	
num 1	9	134.469	50.146	43.533	26.846	
num 1	10	132.685	50.362	43.945	27.924	
num 1	11	123.567	54.904	46.538	29.810	
num 1	12	31.791	12.191	11.712	5.498	
num 1	13	30.717	20.477	15.796	10.961	
num 1	14	54.360	39.931	36.648	24.796	
num 1	15	97.540	57.183	56.274	36.736	
num 2	0	176.847	33.713	40.304	4.534	
num 2	1	173.252	35.098	39.827	7.239	
num 2	2	169.412	36.728	38.951	10.341	
num 2	3	165.194	38.451	37.988	13.799	
num 2	4	160.898	40.255	37.455	16.833	
num 2	5	156.832	41.876	37.173	19.537	
num 2	6	152.693	43.334	37.118	22.283	
num 2	7	147.510	44.562	38.645	24.453	
num 2	8	143.353	46.355	39.572	25.886	
num 2	9	138.468	47.149	42.719	26.507	
num 2	10	138.405	44.765	42.267	28.767	
num 2	11	110.674	59.979	47.787	33.659	
num 2	12	104.282	51.137	45.815	32.830	
num 2	13	98.249	56.103	35.001	35.481	
num 2	14	99.242	56.557	58.858	39.200	
num 3	0	174.907	34.461	40.217	5.824	
num 3	1	171.238	35.964	39.626	8.613	
num 3	2	167.454	37.554	38.802	11.631	
num 3	3	163.360	39.241	38.087	14.753	
num 3	4	159.472	40.716	37.666	17.585	
num 3	5	156.090	41.937	37.337	20.065	
num 3	6	149.863	44.059	38.567	22.940	
num 3	7	146.783	44.767	39.517	24.232	
num 3	8	135.876	50.054	42.319	26.847	
num 3	9	135.486	48.809	43.099	27.862	
num 3	10	134.515	47.775	42.720	29.367	
num 3	11	119.963	55.467	48.771	30.879	
num 3	12	123.094	53.558	45.886	32.084	
num 3	13	100.910	60.782	54.150	39.238	
num 4	0	172.985	35.258	40.069	7.129	
num 4	1	169.355	36.736	39.419	9.931	
num 4	2	165.619	38.304	38.801	12.715	
num 4	3	161.713	39.863	38.245	15.619	
num 4	4	157.928	41.257	38.029	18.227	
num 4	5	152.063	43.462	38.384	21.464	
num 4	6	148.837	44.335	39.021	23.190	
num 4	7	144.973	45.435	39.817	25.071	
num 4	8	134.170	50.540	42.525	28.063	
num 4	9	134.949	48.228	43.891	27.840	
num 4	10	128.447	51.416	46.631	28.323	
num 4	11	127.417	51.733	45.912	29.783	
num 4	12	118.648	55.575	47.982	32.613	
num 5	0	171.244	35.976	39.793	8.406	
num 5	1	167.559	37.476	39.278	11.128	
num 5	2	164.027	38.919	38.792	13.704	
num 5	3	160.168	40.423	38.429	16.421	
num 5	4	155.414	42.225	38.369	19.431	
num 5	5	151.241	43.639	38.844	21.705	
num 5	6	147.004	45.197	39.493	23.689	
num 5	7	142.055	46.549	40.512	26.035	
num 5	8	136.558	48.472	42.410	27.648	
num 5	9	135.444	48.848	44.213	26.472	
num 5	10	131.484	50.548	44.092	28.970	
num 5	11	124.428	53.131	46.789	30.675	
num 6	0	169.764	36.603	39.752	9.323	
num 6	1	166.114	38.062	39.258	12.008	
num 6	2	162.622	39.463	38.876	14.479	
num 6	3	158.240	41.178	38.609	17.413	
num 6	4	154.374	42.599	38.714	19.740	
num 6	5	149.457	44.374	39.249	22.293	
num 6	6	145.235	45.893	39.852	24.393	
num 6	7	138.696	47.586	42.724	26.082	
num 6	8	136.265	49.068	43.328	26.312	
num 6	9	136.435	48.808	43.001	26.844	
num 6	10	133.156	49.953	43.906	28.311	
num 7	0	168.735	37.013	39.763	9.914	
num 7	1	165.008	38.513	39.321	12.599	
num 7	2	161.242	40.020	38.932	15.248	
num 7	3	157.484	41.455	38.804	17.698	
num 7	4	153.453	42.941	38.984	20.051	
num 7	5	147.302	45.474	39.672	22.981	
num 7	6	143.960	46.115	40.185	25.067	
num 7	7	139.774	47.699	42.275	25.502	
num 7	8	142.745	46.678	40.546	25.459	
num 7	9	136.488	48.835	43.078	26.856	
num 8	0	168.236	37.204	39.944	10.044	
num 8	1	164.141	38.848	39.569	12.881	
num 8	2	160.426	40.335	39.172	15.506	
num 8	3	156.268	42.012	39.087	18.058	
num 8	4	151.408	43.791	39.240	20.986	
num 8	5	146.126	45.689	39.949	23.613	
num 8	6	143.096	46.551	40.702	24.977	
num 8	7	145.000	45.817	40.299	24.175	
num 8	8	143.600	46.450	39.927	25.400	
num 9	0	167.992	37.329	40.227	9.884	
num 9	1	163.434	39.138	39.779	13.066	
num 9	2	159.521	40.742	39.504	15.658	
num 9	3	154.415	42.828	39.364	18.785	
num 9	4	149.661	44.213	39.908	21.600	
num 9	5	146.347	45.508	40.594	22.875	
num 9	6	148.172	45.007	39.880	22.266	
num 9	7	147.387	45.142	39.504	23.341	
num 10	0	167.144	37.747	40.361	10.125	
num 10	1	162.353	39.605	40.086	13.382	
num 10	2	157.657	41.456	40.019	16.293	
num 10	3	153.676	43.033	39.591	19.075	
num 10	4	149.083	44.361	41.016	20.919	
num 10	5	154.047	42.700	38.937	19.649	
num 10	6	151.191	44.185	38.987	21.061	
num 11	0	166.916	37.895	40.537	9.983	
num 11	1	160.761	40.339	40.328	14.004	
num 11	2	155.691	42.244	40.159	17.332	
num 11	3	154.149	42.713	40.211	18.344	
num 11	4	157.379	41.386	39.435	17.240	
num 11	5	156.983	41.777	38.107	18.552	
num 12	0	166.894	37.777	41.306	9.355	
num 12	1	159.612	40.813	40.570	14.259	
num 12	2	156.570	41.964	40.724	16.060	
num 12	3	161.466	39.960	39.563	14.427	
num 12	4	160.853	40.173	38.677	15.689	
num 13	0	166.468	38.032	41.273	9.511	
num 13	1	162.044	39.833	40.933	12.438	
num 13	2	165.999	38.314	40.013	11.059	
num 13	3	164.597	38.759	39.366	12.651	
num 14	0	165.685	38.560	42.040	8.828	
num 14	1	166.800	37.919	41.285	9.292	
num 14	2	167.481	37.574	40.315	10.006	
num 15	0	169.466	37.113	41.717	6.942	
num 15	1	171.753	35.692	41.223	6.705	
num 16	0	168.951	37.423	42.596	6.404	

cactusADM      
num 0	0	140.014	44.657	66.983	0.044	
num 0	1	5.400	0.607	1.981	0.192	
num 0	2	138.146	45.881	60.981	6.241	
num 0	3	109.587	54.372	68.578	8.448	
num 0	4	129.455	49.671	59.132	12.759	
num 0	5	117.009	54.012	55.991	17.919	
num 0	6	117.432	56.144	58.773	19.227	
num 0	7	107.862	58.274	63.783	18.632	
num 0	8	140.072	43.639	67.306	0.680	
num 0	9	128.426	45.064	58.899	10.584	
num 0	10	103.685	62.017	54.719	31.129	
num 0	11	118.805	50.315	50.480	23.333	
num 0	12	97.412	65.005	52.700	36.446	
num 0	13	93.165	59.954	60.382	29.285	
num 0	14	82.365	72.210	50.620	45.702	
num 0	15	77.725	73.973	51.037	48.830	
num 0	16	86.233	69.350	52.750	43.348	
num 1	0	86.233	69.350	52.750	43.348	
num 1	1	138.112	46.616	59.861	6.668	
num 1	2	135.129	47.038	59.705	7.994	
num 1	3	128.036	51.206	59.301	12.472	
num 1	4	123.307	53.337	58.864	15.414	
num 1	5	116.504	55.786	59.726	18.927	
num 1	6	107.980	59.727	59.801	22.174	
num 1	7	143.941	41.497	64.003	1.524	
num 1	8	145.102	41.379	64.775	0.350	
num 1	9	105.564	61.134	55.208	29.437	
num 1	10	105.421	60.032	58.300	26.016	
num 1	11	97.004	63.637	55.730	33.403	
num 1	12	94.014	66.752	51.694	38.496	
num 1	13	86.960	69.909	50.640	43.387	
num 1	14	78.706	73.912	51.058	47.913	
num 1	15	77.224	73.611	51.383	49.374	
num 2	0	142.340	44.096	63.367	1.894	
num 2	1	136.336	46.037	60.568	7.023	
num 2	2	136.405	46.852	60.682	7.641	
num 2	3	117.302	52.578	59.525	13.752	
num 2	4	123.023	52.924	59.739	15.711	
num 2	5	110.913	58.583	58.532	21.620	
num 2	6	123.907	52.103	62.498	13.165	
num 2	7	140.639	42.541	60.003	7.756	
num 2	8	142.035	42.538	65.424	1.363	
num 2	9	114.805	56.050	60.126	19.926	
num 2	10	98.196	64.686	55.798	32.547	
num 2	11	98.405	62.841	56.471	31.167	
num 2	12	86.517	69.996	52.783	41.663	
num 2	13	79.752	73.359	51.030	47.442	
num 2	14	77.469	73.575	51.362	49.185	
num 3	0	144.927	42.871	62.413	1.451	
num 3	1	135.654	47.807	60.430	7.365	
num 3	2	129.216	50.073	63.116	8.533	
num 3	3	124.899	52.481	58.635	15.377	
num 3	4	119.710	54.776	59.055	18.027	
num 3	5	127.794	49.469	63.928	10.164	
num 3	6	108.286	59.693	59.696	23.900	
num 3	7	121.948	52.761	58.111	18.137	
num 3	8	143.233	41.909	65.632	0.577	
num 3	9	104.260	61.476	54.965	30.251	
num 3	10	98.374	64.306	55.277	33.482	
num 3	11	88.372	69.387	52.471	40.734	
num 3	12	80.854	72.878	51.641	46.217	
num 3	13	77.723	73.539	51.319	49.011	
num 4	0	141.402	44.035	64.425	1.835	
num 4	1	139.225	43.812	58.661	8.202	
num 4	2	131.788	49.209	61.601	8.977	
num 4	3	127.767	50.198	58.017	14.998	
num 4	4	124.087	52.081	62.781	12.626	
num 4	5	117.853	55.507	55.465	22.117	
num 4	6	116.456	56.354	57.600	21.255	
num 4	7	122.114	51.490	65.820	9.948	
num 4	8	141.923	42.728	65.507	1.459	
num 4	9	101.120	62.578	58.111	29.545	
num 4	10	88.351	69.617	53.198	40.409	
num 4	11	81.922	72.313	51.785	45.537	
num 4	12	78.267	73.212	51.509	48.596	
num 5	0	139.742	45.365	63.895	2.695	
num 5	1	131.698	48.944	62.015	8.590	
num 5	2	129.064	49.648	61.725	10.534	
num 5	3	129.967	48.266	64.842	7.898	
num 5	4	139.034	44.928	59.113	8.483	
num 5	5	109.597	59.723	58.960	22.969	
num 5	6	125.707	51.216	59.310	15.440	
num 5	7	123.211	51.977	61.955	14.550	
num 5	8	141.726	42.853	65.619	1.467	
num 5	9	90.602	68.673	53.605	38.467	
num 5	10	83.035	71.828	52.199	44.530	
num 5	11	78.689	73.027	51.624	48.226	
num 6	0	137.372	46.149	65.556	2.620	
num 6	1	133.538	48.008	60.306	9.100	
num 6	2	131.752	47.963	65.465	6.387	
num 6	3	129.859	48.464	63.587	8.231	
num 6	4	122.596	52.710	62.340	13.926	
num 6	5	123.702	52.905	63.081	11.907	
num 6	6	122.451	53.092	63.547	12.581	
num 6	7	133.886	46.664	64.752	6.358	
num 6	8	134.001	46.657	66.753	4.286	
num 6	9	83.999	71.485	52.516	43.558	
num 6	10	78.728	72.995	51.900	47.969	
num 7	0	140.182	44.662	63.757	3.096	
num 7	1	137.281	45.753	64.787	3.850	
num 7	2	143.244	42.130	63.199	3.080	
num 7	3	140.416	43.103	65.373	2.804	
num 7	4	137.450	44.880	64.830	4.504	
num 7	5	133.562	46.682	66.371	5.048	
num 7	6	132.864	47.258	66.355	5.212	
num 7	7	132.807	47.422	67.292	4.176	
num 7	8	128.423	49.294	64.685	9.295	
num 7	9	79.518	72.702	51.866	47.503	
num 8	0	139.619	44.107	66.870	1.102	
num 8	1	142.390	42.082	66.261	0.965	
num 8	2	143.208	41.648	65.649	1.192	
num 8	3	140.582	43.123	66.517	1.475	
num 8	4	137.855	44.586	66.748	2.509	
num 8	5	136.499	45.255	67.718	2.226	
num 8	6	133.052	47.069	66.568	5.007	
num 8	7	130.442	48.423	66.000	6.832	
num 8	8	114.712	55.630	61.540	19.815	
num 9	0	138.668	44.920	66.018	2.091	
num 9	1	137.039	44.145	66.687	3.521	
num 9	2	137.909	44.470	66.579	2.735	
num 9	3	137.947	44.389	65.212	4.147	
num 9	4	131.221	48.048	66.293	6.132	
num 9	5	128.729	49.281	65.873	7.732	
num 9	6	120.400	53.332	64.025	13.919	
num 9	7	123.034	51.782	63.506	13.375	
num 10	0	136.046	46.368	65.923	3.360	
num 10	1	131.233	47.713	66.413	5.628	
num 10	2	132.427	47.222	65.737	6.005	
num 10	3	125.527	50.979	62.790	12.102	
num 10	4	111.766	57.972	62.909	19.024	
num 10	5	109.722	58.840	60.886	22.223	
num 10	6	113.151	56.435	61.755	20.356	
num 11	0	135.809	46.336	66.009	3.537	
num 11	1	133.095	46.906	64.290	6.966	
num 11	2	125.391	51.378	63.583	11.013	
num 11	3	118.125	54.396	62.946	16.100	
num 11	4	95.300	65.678	57.357	33.240	
num 11	5	107.058	59.342	60.719	24.499	
num 12	0	134.617	46.812	65.515	4.754	
num 12	1	131.353	47.572	64.199	7.884	
num 12	2	129.877	48.548	63.795	9.361	
num 12	3	105.593	60.512	59.920	25.611	
num 12	4	98.037	63.631	58.392	31.523	
num 13	0	132.543	47.719	67.023	4.409	
num 13	1	125.626	51.373	63.705	10.553	
num 13	2	99.899	63.648	57.593	30.444	
num 13	3	103.720	60.984	58.140	28.728	
num 14	0	123.539	52.385	63.614	12.159	
num 14	1	115.351	56.467	62.474	17.287	
num 14	2	114.859	55.100	61.497	20.135	
num 15	0	116.551	55.462	61.024	18.661	
num 15	1	107.264	60.055	59.510	24.627	
num 16	0	110.536	57.812	60.171	23.179	

hmmer          
num 0	0	7.844	2.018	2.672	0.888	
num 0	1	0.000	0.000	0.000	0.000	
num 0	2	4.328	1.156	1.530	0.486	
num 0	3	0.000	0.000	0.000	0.000	
num 0	4	0.000	0.000	0.000	0.000	
num 0	5	0.000	0.000	0.000	0.000	
num 0	6	0.000	0.000	0.000	0.000	
num 0	7	0.000	0.000	0.000	0.000	
num 0	8	7.853	2.474	2.281	1.409	
num 0	9	0.000	0.000	0.000	0.000	
num 0	10	7.165	1.474	1.224	1.457	
num 0	11	7.935	1.600	1.834	1.628	
num 0	12	7.437	1.808	2.205	1.504	
num 0	13	7.728	1.908	1.954	2.210	
num 0	14	8.393	2.046	1.879	2.053	
num 0	15	8.472	1.895	1.965	2.401	
num 0	16	8.412	2.095	2.071	1.990	
num 1	0	8.412	2.095	2.071	1.990	
num 1	1	0.000	0.000	0.000	0.000	
num 1	2	0.000	0.000	0.000	0.000	
num 1	3	0.000	0.000	0.000	0.000	
num 1	4	7.582	1.948	1.474	2.475	
num 1	5	8.424	1.600	2.401	1.711	
num 1	6	6.853	2.688	2.370	1.514	
num 1	7	7.571	1.990	2.138	2.074	
num 1	8	7.745	2.209	1.745	2.049	
num 1	9	6.771	2.595	2.738	1.844	
num 1	10	8.068	1.915	1.956	2.328	
num 1	11	8.026	2.458	1.769	2.072	
num 1	12	8.702	1.843	2.081	1.750	
num 1	13	8.561	2.112	1.990	1.921	
num 1	14	8.274	2.073	2.086	2.152	
num 1	15	8.453	2.046	1.984	2.103	
num 2	0	7.341	1.849	2.748	0.990	
num 2	1	7.773	2.373	2.567	1.280	
num 2	2	7.014	1.749	1.705	1.382	
num 2	3	7.631	2.068	1.450	2.360	
num 2	4	7.492	1.694	1.736	1.684	
num 2	5	7.346	2.042	1.801	1.914	
num 2	6	8.197	2.000	2.043	1.927	
num 2	7	7.668	2.384	1.724	1.798	
num 2	8	7.799	2.000	1.945	2.280	
num 2	9	7.836	2.097	2.200	1.794	
num 2	10	8.644	2.060	2.073	1.782	
num 2	11	8.101	2.105	2.050	2.130	
num 2	12	8.332	2.261	2.071	1.920	
num 2	13	8.515	2.129	2.072	2.074	
num 2	14	8.527	2.169	2.064	2.030	
num 3	0	8.135	1.987	2.524	1.462	
num 3	1	8.006	1.915	2.655	1.141	
num 3	2	8.082	2.264	1.386	1.541	
num 3	3	7.583	2.050	1.891	1.761	
num 3	4	7.557	1.926	2.279	1.818	
num 3	5	8.276	1.940	1.981	1.757	
num 3	6	8.020	2.129	2.016	2.041	
num 3	7	8.469	2.162	1.910	1.846	
num 3	8	8.708	1.784	1.956	1.766	
num 3	9	8.173	2.293	2.187	1.933	
num 3	10	8.478	2.015	2.172	1.912	
num 3	11	8.354	2.205	2.214	1.962	
num 3	12	8.324	2.171	2.082	2.008	
num 3	13	8.519	2.168	2.080	2.024	
num 4	0	8.065	2.303	2.519	1.379	
num 4	1	7.930	2.669	2.049	1.199	
num 4	2	7.728	2.359	1.906	1.901	
num 4	3	8.017	2.263	2.425	1.562	
num 4	4	8.372	2.278	2.199	1.724	
num 4	5	8.294	1.979	1.930	1.926	
num 4	6	8.366	2.216	1.978	1.829	
num 4	7	8.065	2.346	2.149	1.996	
num 4	8	8.251	2.188	2.026	2.104	
num 4	9	8.482	2.068	2.076	1.962	
num 4	10	8.418	2.228	2.117	1.972	
num 4	11	8.508	2.097	2.133	2.052	
num 4	12	8.498	2.183	2.107	2.001	
num 5	0	8.065	2.296	2.339	1.277	
num 5	1	8.184	2.529	1.921	1.738	
num 5	2	7.955	2.581	1.980	1.674	
num 5	3	8.043	2.304	2.477	1.549	
num 5	4	8.221	2.451	2.040	1.871	
num 5	5	8.311	2.415	1.842	1.916	
num 5	6	8.222	2.375	2.187	1.951	
num 5	7	8.393	2.139	2.128	2.074	
num 5	8	8.252	2.218	2.152	1.964	
num 5	9	8.447	2.162	2.122	2.004	
num 5	10	8.474	2.187	2.126	2.002	
num 5	11	8.508	2.176	2.106	2.000	
num 6	0	8.381	2.172	2.265	1.570	
num 6	1	8.295	2.282	1.957	1.687	
num 6	2	7.983	2.191	2.758	1.277	
num 6	3	7.803	2.411	2.140	1.950	
num 6	4	7.911	2.525	1.992	1.960	
num 6	5	8.149	2.172	2.096	1.978	
num 6	6	8.257	2.280	2.195	2.002	
num 6	7	8.321	2.219	2.176	2.019	
num 6	8	8.353	2.237	2.167	1.977	
num 6	9	8.401	2.237	2.134	2.018	
num 6	10	8.452	2.176	2.105	2.001	
num 7	0	8.429	2.165	2.430	1.459	
num 7	1	7.817	1.928	2.365	1.968	
num 7	2	8.049	2.208	2.150	1.815	
num 7	3	8.196	2.226	2.438	1.698	
num 7	4	8.476	2.279	2.047	1.933	
num 7	5	8.438	2.218	2.070	2.008	
num 7	6	8.318	2.289	2.127	2.001	
num 7	7	8.487	2.139	2.132	1.977	
num 7	8	8.442	2.176	2.145	2.026	
num 7	9	8.459	2.187	2.121	2.023	
num 8	0	8.433	2.127	2.410	1.611	
num 8	1	8.173	2.395	2.267	1.752	
num 8	2	7.812	2.376	2.184	1.848	
num 8	3	8.332	2.339	2.184	1.880	
num 8	4	8.434	2.230	1.996	2.074	
num 8	5	8.398	2.200	2.127	2.009	
num 8	6	8.283	2.238	2.109	1.956	
num 8	7	8.483	2.167	2.122	2.018	
num 8	8	8.455	2.187	2.120	2.028	
num 9	0	8.348	2.181	2.328	1.730	
num 9	1	8.049	2.348	2.169	1.992	
num 9	2	8.099	2.345	2.284	1.859	
num 9	3	8.146	2.324	2.223	1.894	
num 9	4	8.405	2.200	2.080	2.050	
num 9	5	8.295	2.255	2.201	1.983	
num 9	6	8.442	2.165	2.122	2.061	
num 9	7	8.445	2.179	2.085	2.026	
num 10	0	8.563	2.131	2.337	1.703	
num 10	1	8.068	2.466	2.124	1.930	
num 10	2	8.015	2.398	2.324	1.850	
num 10	3	7.991	2.459	2.207	1.930	
num 10	4	8.255	2.285	2.245	1.949	
num 10	5	8.512	2.155	2.124	1.999	
num 10	6	8.395	2.227	2.106	2.007	
num 11	0	8.590	2.055	2.435	1.655	
num 11	1	8.047	2.275	2.421	1.639	
num 11	2	8.025	2.372	2.316	1.872	
num 11	3	8.234	2.253	2.211	1.890	
num 11	4	8.382	2.266	2.088	1.997	
num 11	5	8.397	2.140	2.116	2.082	
num 12	0	8.494	1.991	2.363	1.738	
num 12	1	8.376	2.209	2.105	1.893	
num 12	2	8.310	2.301	2.275	1.904	
num 12	3	8.285	2.217	2.185	1.899	
num 12	4	8.337	2.124	2.051	2.074	
num 13	0	8.420	2.073	2.426	1.666	
num 13	1	8.261	2.323	2.133	1.870	
num 13	2	8.088	2.260	2.220	2.018	
num 13	3	8.291	2.260	2.096	1.939	
num 14	0	8.581	2.056	2.394	1.758	
num 14	1	7.975	2.242	2.011	2.027	
num 14	2	7.903	2.291	2.122	1.909	
num 15	0	8.503	2.025	2.338	1.868	
num 15	1	8.313	1.997	2.340	1.919	
num 16	0	8.366	2.075	2.499	1.629	

