bwaves         	
options_30     	    7	  681	  341	  585	  185	0.986395	
options_31     	    7	 1143	  185	  260	  204	0.986395	

soplex         	
options_30     	26113655	4243606196	663743212	1430337532	347408740	0.596725	
options_31     	35145384	7780287803	439000019	497215758	280714724	0.754806	

zeusmp         	
options_30     	7039813	1321905074	85676803	326841198	67769053	0.929304	
options_31     	8575122	2080961485	30951950	59648096	23669701	0.962034	

GemsFDTD       	
options_30     	24524409	2617262566	1191422953	1402619908	1066943277	0.818478	
options_31     	31100227	4603571899	1236854878	1133122186	988109149	0.904600	

gobmk          	
options_30     	348287	61456702	9812302	13480397	4412071	0.114038	
options_31     	1770362	392187022	23189631	26961227	10874792	0.435407	

bzip2          	
options_30     	1127666	128808789	56975446	62499761	40398500	0.107335	
options_31     	2953749	496535606	103236215	92778618	63609305	0.265316	

h264ref        	
options_30     	43945	6660157	1675755	1929698	984310	0.039871	
options_31     	609689	121375167	14382504	10926374	9396339	0.241071	

lbm            	
options_30     	59522964	6625159844	2882003559	2984909272	2745806109	0.937312	
options_31     	57833675	7881220997	2532357777	2265079571	2126762455	0.910739	

leslie3d       	
options_30     	14362127	1202777582	778068155	1066884749	628974026	0.797840	
options_31     	15833139	2233441701	658020906	618299232	543521745	0.858964	

mcf            	
options_30     	         	         	         	         	         	         	
options_31     	         	         	         	         	         	         	

omnetpp        	
options_30     	23679334	4012585707	738422580	886129785	424771432	0.619735	
options_31     	30119259	6048388706	643658376	633889767	384593455	0.722994	

perlbench      	
options_30     	492043	78452477	19136202	18385100	9989229	0.343172	
options_31     	465469	92000252	11868769	8946342	6344701	0.320583	

cactusADM      	
options_30     	5366976	811700622	165146338	295299781	101799115	0.821414	
options_31     	5913981	1211461924	94830075	134687634	72999503	0.903263	

hmmer          	
options_30     	212137	30031456	7740277	8769523	7765816	0.061189	
options_31     	162706	27208445	5659161	4628803	4156327	0.050366	

sphinx3        	
options_30     	4257459	328589945	245653257	314522708	201143594	0.196820	
options_31     	8553612	1190337016	359927984	357574901	281884771	0.388238	

tonto          	
options_30     	52756	4378169	2945426	3595529	2586412	0.015212	
options_31     	109629	13503253	5221861	5112294	4227616	0.022051	

gamess         	
options_30     	    0	    0	    0	    0	    0	0.347286	
options_31     	    0	    0	    0	    0	    0	0.347286	

