bwaves         	
options_42     	    0	10306183	3905783	2300009	1403929	0.987002	
options_8      	    0	9962495	3628970	2676839	1647600	0.987002	
options_40     	    0	9715235	3422844	2941608	1836217	0.987002	
options_41     	    0	9387075	3315757	3298562	1914510	0.987002	

soplex         	
options_42     	15336535	4265548979	657202625	519408612	144175784	0.592641	
options_8      	15551625	4359890957	542636652	585866411	153021404	0.599613	
options_40     	15024795	4180718457	514952879	649087380	161799236	0.578921	
options_41     	15012273	4166622540	502216530	656004549	178496669	0.578459	

zeusmp         	
options_42     	4260227	1016476948	71065650	144926715	17516223	0.898809	
options_8      	4372109	1120304933	44027437	99490679	14803767	0.912325	
options_40     	4366617	1093538298	46641290	119818026	17223506	0.911676	
options_41     	4366593	1090701818	46158360	122252773	18102281	0.911804	

GemsFDTD       	
options_42     	16332414	2119683641	1080330062	623259349	409893540	0.836837	
options_8      	17627297	2438240207	966819834	639723472	519873127	0.878309	
options_40     	18302959	2440621113	946116802	736416296	614471389	0.900732	
options_41     	18211839	2369341203	911851298	784114310	648992581	0.897486	

gobmk          	
options_42     	223380	152790856	15302623	10958830	3693547	0.197154	
options_8      	233730	156369374	13640726	11123768	4270804	0.203903	
options_40     	232127	155239863	13055861	11995681	4696755	0.202803	
options_41     	234232	154474983	12850766	13205170	4998681	0.204198	

bzip2          	
options_42     	675700	464955885	144573063	92416022	44690294	0.097832	
options_8      	760203	469491222	135737231	110204486	52836117	0.108953	
options_40     	753363	464391943	128761024	114212894	59152155	0.108057	
options_41     	741159	460181382	123334562	115972377	63907007	0.106450	

h264ref        	
options_42     	14267	144285687	23257054	15167374	8488093	0.048586	
options_8      	27574	146805720	22807919	16206047	8831450	0.056748	
options_40     	28255	145885327	21625198	16481958	10835549	0.057171	
options_41     	27277	145108219	20950909	16514272	11998888	0.056568	

lbm            	
options_42     	35680732	8237364143	4164965725	2040151447	2032387421	0.937151	
options_8      	34015478	8054576603	3499345840	2315613321	2179011052	0.893495	
options_40     	34154192	7563677547	3153685840	2833280016	2533418293	0.897132	
options_41     	33058771	7097155253	3066677102	2990351554	2649439771	0.868415	

leslie3d       	
options_42     	8486540	1315456442	767124083	460757266	272228545	0.795309	
options_8      	8487104	1363938928	654672296	471297817	325801423	0.795133	
options_40     	8489701	1305728218	604749257	532485253	373412824	0.795288	
options_41     	8483965	1288666744	579922167	550404400	395913825	0.794735	

mcf            	
options_42     	73013272	16028706020	1321747195	835921557	525347724	0.513125	
options_8      	68150032	15175833384	971146262	745885035	573868631	0.478972	
options_40     	74481388	16169361669	1210577097	1053159490	654462192	0.523411	
options_41     	70889802	15426549013	1032297214	1009007648	700260301	0.498209	

omnetpp        	
options_42     	13878338	3129471237	687386611	419643214	174130618	0.629531	
options_8      	15082544	3387236281	648310689	471574047	212418183	0.678091	
options_40     	14855703	3249524909	608213973	561630891	242331859	0.668712	
options_41     	14746193	3208452149	590568516	575801491	258999796	0.664226	

perlbench      	
options_42     	106502	41787791	11087003	5751681	3497557	0.265073	
options_8      	103247	42069375	9749117	5709678	3777942	0.259641	
options_40     	103056	41389665	9341961	6254524	4245978	0.259516	
options_41     	103492	41074365	9098677	6635292	4555122	0.259894	

cactusADM      	
options_42     	3213026	689034276	214555812	170385701	60816659	0.823570	
options_8      	3176245	744081348	159192722	151902110	70212108	0.814400	
options_40     	3176425	723829544	149476111	173690776	78441009	0.814429	
options_41     	3177462	717031793	143545369	181395398	83730608	0.814701	

hmmer          	
options_42     	89116	472483053	111577676	51368312	47840847	0.056795	
options_8      	76063	450042055	95113050	78130730	56645301	0.052007	
options_40     	75963	446513208	91308053	78694118	63387853	0.051967	
options_41     	76377	444440452	88589223	79126667	67852618	0.052119	

sphinx3        	
options_42     	2116686	419951384	183276830	106206287	67642747	0.165696	
options_8      	2116275	423544801	157391062	113181125	82856068	0.165603	
options_40     	2250355	422386957	156559970	131871703	100476602	0.175801	
options_41     	2283626	417894528	151143795	140677767	110096262	0.178303	

tonto          	
options_42     	26217	129286618	75033209	40256880	30827325	0.029614	
options_8      	26335	121258904	68424143	48783880	36966289	0.029649	
options_40     	26385	114408497	63809240	55505498	41723037	0.029665	
options_41     	26415	112588676	60795915	57570744	44499129	0.029676	

gamess         	
options_42     	         	         	         	         	         	         	
options_8      	    0	623725	307383	194108	161952	0.594118	
options_40     	         	         	         	         	         	         	
options_41     	         	         	         	         	         	         	

