bwaves         	
options_50     	    0	9961907	3628751	2676707	1647515	0.987002	
options_51     	    0	9962495	3628970	2676839	1647600	0.987002	
options_8      	    0	9962495	3628970	2676839	1647600	0.987002	
options_53     	    0	9962495	3628970	2676839	1647600	0.987002	
options_54     	    0	9962495	3628970	2676839	1647600	0.987002	

soplex         	
options_50     	15673405	4325249073	565128437	624439773	157858557	0.603308	
options_51     	15722539	4379914205	556759279	591474768	157053412	0.605953	
options_8      	15551625	4359890957	542636652	585866411	153021404	0.599613	
options_53     	14910294	4281222609	503781256	545806547	146425300	0.575417	
options_54     	14535298	4241597650	475554491	520471074	143614033	0.561227	

zeusmp         	
options_50     	4383788	1105221578	48617782	112708359	15069689	0.914540	
options_51     	4374088	1120362074	44463606	99622328	14685944	0.912661	
options_8      	4372109	1120304933	44027437	99490679	14803767	0.912325	
options_53     	4372624	1120421734	43941924	99573172	14822338	0.912279	
options_54     	4371841	1120311834	43902517	99522088	14822025	0.912147	

GemsFDTD       	
options_50     	17020270	2278609894	970267815	670455170	489924337	0.857454	
options_51     	17084370	2341005561	950187031	639710330	494764406	0.860316	
options_8      	17627297	2438240207	966819834	639723472	519873127	0.878309	
options_53     	18228386	2512816294	1001083105	657887389	546748636	0.899119	
options_54     	18354963	2528433814	1008102749	661943784	552459045	0.902775	

gobmk          	
options_50     	238019	156579310	14080614	11518549	4325463	0.206812	
options_51     	236642	156581442	13914264	11335901	4316489	0.205869	
options_8      	233730	156369374	13640726	11123768	4270804	0.203903	
options_53     	232875	156267025	13556462	11096570	4263943	0.203326	
options_54     	231859	156097811	13477910	11096227	4254260	0.202622	

bzip2          	
options_50     	817083	476561014	138444341	114264442	53565147	0.116431	
options_51     	787308	473181420	136871861	112283830	52872873	0.112517	
options_8      	760203	469491222	135737231	110204486	52836117	0.108953	
options_53     	731883	465968462	133947822	107940822	53161262	0.105220	
options_54     	709449	463787966	131953924	106524526	53008592	0.102256	

h264ref        	
options_50     	25189	146343353	22730461	16153519	8813243	0.055306	
options_51     	25383	146410982	22721880	16148524	8806294	0.055419	
options_8      	27574	146805720	22807919	16206047	8831450	0.056748	
options_53     	22047	145810608	22590645	16051716	8760215	0.053346	
options_54     	16741	144823697	22382242	15929139	8700826	0.050093	

lbm            	
options_50     	         	         	         	         	         	         	
options_51     	34267395	8017411495	3547615262	2350653422	2197362253	0.900100	
options_8      	34015478	8054576603	3499345840	2315613321	2179011052	0.893495	
options_53     	34103575	8081210256	3495732533	2313428135	2180729748	0.895805	
options_54     	34161740	8090488674	3497621483	2315026669	2182854086	0.897330	

leslie3d       	
options_50     	8546920	1304766396	684623193	518017752	323616531	0.800681	
options_51     	8504626	1340242028	668010977	489166583	322777020	0.796850	
options_8      	8487104	1363938928	654672296	471297817	325801423	0.795133	
options_53     	8486635	1370206519	648388946	467388462	329606985	0.794988	
options_54     	8493275	1372422476	646861001	467200602	330806673	0.795594	

mcf            	
options_50     	         	         	         	         	         	         	
options_51     	70935565	15666383208	1077552561	833683861	602209874	0.498529	
options_8      	68150032	15175833384	971146262	745885035	573868631	0.478972	
options_53     	66751269	14915275018	921621429	709635836	562117189	0.469152	
options_54     	66376452	14842236585	908828508	701763542	559867429	0.466523	

omnetpp        	
options_50     	15213557	3388053909	664977033	484781097	214952633	0.683441	
options_51     	15207584	3403232157	656059751	478470745	213791395	0.683160	
options_8      	15082544	3387236281	648310689	471574047	212418183	0.678091	
options_53     	15043807	3382065121	645478871	469763064	211974736	0.676503	
options_54     	15103573	3382700865	653200348	475066366	213655525	0.678658	

perlbench      	
options_50     	102339	41717314	9802342	5794199	3753409	0.258556	
options_51     	103081	41980160	9767667	5725994	3753955	0.259708	
options_8      	103247	42069375	9749117	5709678	3777942	0.259641	
options_53     	103788	42144955	9756749	5726671	3798569	0.260891	
options_54     	103849	42118206	9773533	5750253	3807224	0.260674	

cactusADM      	
options_50     	3188492	706285847	174536604	178652981	69052696	0.817493	
options_51     	3182210	738192727	162546866	156536811	69639180	0.815908	
options_8      	3176245	744081348	159192722	151902110	70212108	0.814400	
options_53     	3178829	743882577	159420941	152337490	70403920	0.815029	
options_54     	3175904	742629856	159613167	152609279	70447410	0.814300	

hmmer          	
options_50     	72132	449539397	94881189	77949432	56553502	0.050561	
options_51     	73115	449653221	94951092	77996531	56574580	0.050923	
options_8      	76063	450042055	95113050	78130730	56645301	0.052007	
options_53     	74730	449902924	94986941	78079862	56617601	0.051514	
options_54     	70955	449522647	94685270	77880957	56531542	0.050127	

sphinx3        	
options_50     	2041762	406903472	159544821	118342270	73112029	0.159754	
options_51     	2016741	410797781	154020900	112276304	74400695	0.157970	
options_8      	2116275	423544801	157391062	113181125	82856068	0.165603	
options_53     	2307670	440417878	170324376	121719325	93505269	0.180134	
options_54     	2423736	447343240	180341581	128804667	99186928	0.188820	

tonto          	
options_50     	25735	121134844	68417682	48783024	36949442	0.029466	
options_51     	25714	121151766	68411195	48769919	36945456	0.029457	
options_8      	26335	121258904	68424143	48783880	36966289	0.029649	
options_53     	26323	121258104	68415799	48789104	36968673	0.029647	
options_54     	26321	121240668	68420631	48796908	36971681	0.029646	

gamess         	
options_50     	         	         	         	         	         	         	
options_51     	         	         	         	         	         	         	
options_8      	    0	623725	307383	194108	161952	0.594118	
options_53     	         	         	         	         	         	         	
options_54     	         	         	         	         	         	         	

